1577.867
1514.218
1421.515
1272.465
1195.875
1083.081
1052.465
1054.882
1068.579
1151.563
1129.81
1126.587
1022.605
1019.382
1116.114
1219.24
1376.397
1435.212
1436.823
1402.179
1389.288
1471.517
1529.526
1625.402
1646.349
1589.146
1544.834
1466.683
1442.463
1393.317
1384.454
1397.345
1330.474
1275.688
1164.454
1070.996
1012.131
978.2925
1019.382
1025.827
1028.245
989.5719
942.8427
953.3165
981.5152
1082.275
1162.037
1208.766
1262.797
1270.048
1307.109
1336.919
1394.928
1464.266
1486.02
1529.526
1513.413
1486.825
1461.849
1432.795
1431.183
1426.349
1426.349
1387.677
1312.749
1258.769
1260.38
1403.79
1314.36
1295.83
1054.882
1186.207
1311.138
1566.587
1560.948
1389.288
1274.882
1119.336
1385.26
1469.1
1672.987
1485.214
1384.454
1287.773
1276.493
1428.766
1404.596
1377.203
1270.854
1234.548
1226.491
1199.098
1170.9
1040.38
971.8471
1015.354
1019.382
1020.993
915.4498
803.4104
701.8952
755.0698
839.7162
865.4978
826.8254
758.2925
686.5873
758.2925
806.6331
883.2227
857.441
856.6353
857.441
884.834
951.7052
968.6244
976.6812
1003.268
1033.934
1187.013
1282.939
1465.072
1584.312
1660.902
1738.247
1588.341
1621.373
1561.753
1805.118
1932.465
1901.849
1741.469
1576.255
1580.284
1519.858
1605.26
1549.668
1473.129
1365.924
1215.212
1162.037
1083.886
1066.967
1066.161
1043.603
1116.919
1096.777
1099.194
1065.356
1037.963
1133.033
1216.823
1344.17
1410.236
1420.709
1443.269
1427.961
1484.408
1556.919
1594.786
1639.904
1592.369
1572.227
1507.773
1448.958
1438.434
1384.454
1390.094
1336.113
1270.048
1191.847
1086.303
1043.603
1002.463
994.4061
1020.993
981.5152
979.0982
941.2314
934.7859
984.7379
1034.74
1113.697
1162.037
1218.434
1274.882
1289.384
1338.531
1370.758
1436.823
1481.186
1510.996
1532.749
1499.716
1476.351
1454.598
1423.932
1443.269
1424.738
1411.847
1386.065
1349.004
1336.919
1262.797
1240.238
1231.325
1290.996
1347.393
1315.971
1352.227
1299.858
1333.697
1301.469
1344.17
1407.819
1431.989
1464.266
1394.928
1377.203
1359.478
1381.231
1419.098
1399.762
1411.042
1336.919
1286.162
1233.742
1195.875
1203.127
1174.122
1138.672
1068.579
1024.216
991.1833
946.8711
899.3362
853.4126
823.5523
821.9409
829.2424
816.3012
791.3253
738.9563
746.2073
755.8755
839.7162
874.3603
867.9149
805.8274
785.6855
847.7729
941.2314
1040.38
1017.771
1043.603
988.7663
1123.365
1329.668
1572.227
1639.098
1797.061
1689.906
1583.507
1545.64
1589.952
1907.489
1954.218
1984.028
1775.308
1579.478
1542.417
1471.517
1592.369
1555.308
1511.801
1401.373
1230.52
1153.175
1055.688
1033.129
1045.214
1044.408
1152.369
1131.421
1111.279
1043.603
1008.908
1122.559
1208.766
1400.568
1469.906
1451.376
1448.958
1405.402
1485.214
1540.806
1613.317
1673.793
1605.26
1585.924
1485.214
1437.629
1407.013
1364.312
1390.094
1335.308
1277.299
1178.956
1058.105
1008.103
951.7052
991.989
1016.159
998.4344
1000.851
941.2314
935.5917
958.1506
1012.131
1138.672
1182.985
1274.882
1290.19
1302.275
1336.113
1367.535
1440.851
1490.854
1545.64
1565.782
1503.745
1477.157
1436.823
1431.183
1446.542
1438.434
1416.681
1349.81
1289.384
1230.52
1174.122
1185.402
1390.9
1479.574
1392.511
1128.199
969.4301
1308.721
1608.482
1818.009
1438.434
1189.43
1176.539
1306.303
1683.461
1568.199
1577.061
1285.356
1272.465
1324.028
1363.507
1492.465
1273.271
1181.373
1093.555
1166.065
1252.323
1132.227
1019.382
834.8821
865.4978
1000.851
976.6812
934.7859
743.7903
664.0283
702.7009
781.6571
899.3362
821.9409
773.6003
700.2838
755.0698
876.7772
872.7488
875.9716
794.5479
848.5786
919.4781
1034.74
1046.02
1030.661
941.2314
1108.057
1149.952
1507.773
1631.847
1767.251
1750.332
1537.583
1539.194
1485.214
1836.539
1963.081
2010.616
1877.679
1601.231
1550.474
1508.578
1552.085
1610.094
1531.943
1500.522
1317.583
1220.046
1133.033
1037.963
1053.271
1058.105
1110.474
1182.985
1128.199
1104.834
979.9039
1028.245
1151.563
1267.631
1439.24
1442.463
1427.155
1383.648
1388.482
1497.299
1556.919
1624.596
1650.428
1581.895
1562.559
1461.849
1422.321
1379.62
1373.98
1409.43
1342.559
1282.939
1151.563
1028.245
1000.851
961.3733
1026.633
1042.797
1026.633
995.2117
914.644
921.8951
950.8995
1046.02
1161.231
1196.681
1269.242
1264.408
1286.967
1316.777
1371.563
1466.683
1500.522
1540.806
1536.777
1488.437
1458.627
1419.098
1440.046
1445.736
1452.987
1417.487
1332.891
1278.911
1237.821
1216.017
1243.461
1448.153
1535.166
1471.517
1182.179
1080.664
1217.629
1502.939
1624.596
1483.603
1344.17
1270.854
1314.36
1414.264
1459.432
1449.764
1376.397
1339.336
1312.749
1320.806
1332.891
1249.1
1155.592
1153.175
1206.349
1212.795
1148.341
990.3777
872.7488
878.3887
963.7903
971.8471
917.8668
