1272.465
1051.659
1502.939
1712.465
1577.061
1412.653
1336.919
1498.911
1740.664
1870.428
1680.238
1448.958
1552.085
1760.806
1811.563
1712.465
1645.544
1689.1
1599.62
1531.943
1623.79
1668.958
1610.094
1453.793
1382.037
1375.592
1397.345
1457.821
1416.681
1276.493
1096.777
1060.522
1229.714
1297.441
1141.895
961.3733
917.0611
1034.74
1094.36
1066.161
1015.354
929.1462
904.1703
940.4258
1053.271
1091.138
1001.657
966.2073
990.3777
1033.934
1088.72
1137.061
1175.733
1134.644
1087.915
1130.616
1242.655
1332.891
1323.223
1277.299
1264.408
1274.882
1376.397
1466.683
1453.793
1366.729
1342.559
1410.236
1500.522
1528.72
1493.271
1443.269
1449.764
1465.072
1494.882
1547.251
1527.915
1498.105
1385.26
1412.653
1502.133
1558.53
1468.295
1374.786
1358.672
1380.426
1411.042
1436.017
1357.867
1299.858
1257.963
1284.55
1316.777
1298.247
1224.88
1191.041
1188.624
1158.814
1146.729
1189.43
1167.677
1099.194
1076.635
1062.939
1104.028
1121.753
1087.109
1033.129
1020.993
1031.517
1044.408
1079.858
1076.635
1005.686
980.7095
993.6003
1055.688
1060.522
1024.216
972.6528
961.3733
988.7663
1018.576
1030.661
1003.268
948.4825
937.203
979.0982
1004.074
1015.354
986.3493
996.8231
1148.341
1220.046
1065.356
911.4214
1045.214
1466.683
1529.526
1189.43
984.7379
1300.664
1661.708
1665.736
1479.574
1373.175
1371.563
1566.587
1813.175
1857.537
1629.43
1448.958
1604.454
1822.843
1826.871
1683.461
1664.93
1701.991
1609.288
1552.085
1646.349
1675.404
1608.482
1457.015
1406.207
1392.511
1407.013
1440.046
1401.373
1277.299
1087.109
1066.967
1232.131
1295.024
1145.924
971.8471
925.1179
1005.686
1070.19
1062.133
1005.686
938.8143
889.6681
925.1179
1021.799
1072.607
1000.046
957.3449
990.3777
1020.993
1062.939
1103.223
1163.648
1149.952
1088.72
1118.531
1216.017
1302.275
1325.64
1284.55
1263.603
1253.935
1354.644
1457.015
1467.489
1407.013
1356.255
1382.037
1476.351
1524.692
1527.915
1477.963
1444.125
1427.961
1486.825
1554.502
1594.786
1488.437
1386.871
1375.592
1524.692
1589.146
1489.242
1362.701
1357.061
1398.956
1445.736
1434.406
1384.454
1290.996
1261.991
1287.773
1317.583
1316.777
1223.269
1189.43
1196.681
1174.122
1156.397
1179.762
1186.207
1120.948
1049.242
1069.384
1102.417
1137.061
1104.028
1030.661
1010.52
1024.216
1059.716
1083.081
1066.967
1001.657
955.7336
1010.52
1058.911
1037.963
972.6528
959.762
974.2641
1018.576
1018.576
992.7947
966.2073
949.2881
963.7903
980.7095
995.2117
984.7379
1001.657
1002.463
1131.421
1206.349
1075.024
916.2555
1013.742
1414.264
1556.919
1139.478
986.3493
1277.299
1673.793
1685.072
1498.911
1371.563
1380.426
1578.672
1807.535
1881.707
1673.793
1456.21
1594.786
1815.592
1844.596
1721.327
1678.627
1718.105
1625.402
1556.114
1657.679
1703.603
1619.762
1473.129
1393.317
1394.928
1411.042
1452.987
1423.127
1286.967
1110.474
1056.493
1211.183
1305.498
1165.26
980.7095
911.4214
987.9606
1066.161
1073.413
1017.771
925.9235
880.0
905.7816
1009.714
1077.441
1004.88
946.0654
974.2641
1011.325
1058.105
1114.502
1156.397
1145.924
1082.275
1114.502
1211.183
1301.469
1325.64
1282.133
1267.631
1275.688
1366.729
1464.266
1468.295
1414.264
1356.255
1390.094
1486.02
1534.36
1515.83
1450.57
1416.681
1445.736
1588.341
1664.93
1467.489
1351.421
1365.924
1631.847
1694.74
1486.825
1214.406
1287.773
1581.895
1610.094
1424.738
1282.133
1195.875
1349.81
1463.461
1424.738
1253.129
1147.535
1178.956
1270.854
1315.971
1179.762
1084.692
1186.207
1171.705
1065.356
1103.223
1128.199
1153.175
1078.247
1020.993
989.5719
1044.408
1108.862
1071.801
1022.605
967.0131
929.1462
1058.105
1115.308
1038.769
917.8668
931.5632
1002.463
1048.437
1033.129
957.3449
926.7292
952.5109
986.3493
1008.103
990.3777
927.5349
938.8143
975.0698
1030.661
1023.41
1156.397
1208.766
1046.825
877.5829
1033.129
1519.052
1585.118
1202.321
950.0938
1202.321
1645.544
1763.223
1585.118
1435.212
1349.81
1515.024
1783.365
1958.247
1787.393
1486.825
1531.138
1769.668
1863.177
1786.587
1735.024
1718.91
1617.345
1519.858
1643.126
1720.522
1695.546
1493.271
1357.061
1361.895
1389.288
1461.044
1452.987
1309.526
1095.166
1005.686
1175.733
1316.777
1199.904
1006.491
868.7205
933.9803
1041.186
1082.275
1050.048
943.6484
838.9105
855.024
968.6244
1105.64
1043.603
945.2598
943.6484
975.0698
1049.242
1117.725
1188.624
1158.009
1063.745
1087.109
1200.71
1324.028
1361.089
1290.19
1249.906
1255.546
1351.421
1476.351
1490.048
1433.6
1354.644
1359.478
1457.821
1529.526
1555.308
1481.186
1449.764
1501.328
1509.384
1543.223
1477.157
1547.251
1542.417
1469.906
1413.458
1443.269
1519.052
1510.996
1453.793
1366.729
1303.886
1383.648
1435.212
1415.07
1315.971
