1227.297
1137.061
1138.672
1138.672
1108.057
1151.563
1204.738
1296.635
1379.62
1457.015
1553.697
1796.255
1814.786
1746.304
1679.432
1581.089
1497.299
1213.6
1079.858
864.6921
800.1877
826.0197
896.9192
1114.502
1229.714
1397.345
1486.02
1677.015
1694.74
1662.513
1572.227
1403.79
1287.773
1131.421
1071.801
971.0414
989.5719
947.6768
1012.937
1112.085
1199.098
1256.352
1263.603
1292.607
1273.271
1282.939
1218.434
1169.288
1111.279
1062.939
1027.439
1022.605
1054.882
999.2401
1001.657
1016.159
1050.048
1069.384
1074.218
1083.886
1065.356
1090.332
1073.413
1091.138
1100.0
1089.526
1079.052
1082.275
1097.583
1087.109
1075.024
1070.19
1116.919
1148.341
1218.434
1402.985
1862.371
2058.151
2050.094
1955.83
1909.906
1932.465
1594.786
1324.834
888.0568
576.965
546.3493
461.7532
701.0894
797.7706
1030.661
1261.186
1465.072
1801.895
1836.539
1879.29
1755.166
1577.867
1505.356
1331.279
1283.745
1150.758
1129.81
1172.511
1162.037
1325.64
1353.838
1340.948
1227.297
1167.677
1157.203
1037.157
1004.074
970.2357
1040.38
1126.587
1252.323
1490.854
1629.43
1739.858
1739.052
1715.688
1659.29
1515.024
1342.559
1102.417
943.6484
838.1049
810.6615
836.4934
962.9847
1096.777
1200.71
1351.421
1486.02
1575.45
1544.028
1516.635
1494.882
1428.766
1378.814
1310.332
1270.854
1241.044
1246.683
1241.044
1211.183
1246.683
1203.127
1153.98
1117.725
1120.948
1118.531
1101.611
1159.62
1215.212
1303.886
1386.065
1503.745
1672.181
1747.109
1783.365
1726.162
1693.935
1631.041
1462.655
1256.352
1057.299
944.4542
859.8581
844.5502
887.2511
1010.52
1139.478
1296.635
1472.323
1598.009
1657.679
1660.902
1589.146
1488.437
1383.648
1261.186
1112.085
1030.661
973.4584
944.4542
975.0698
1038.769
1101.611
1152.369
1226.491
1274.882
1292.607
1300.664
1273.271
1224.074
1188.624
1126.587
1093.555
1058.911
1030.661
1002.463
975.0698
1012.937
1031.517
1036.352
1033.934
1046.02
1090.332
1106.445
1110.474
1101.611
1089.526
1109.668
1092.749
1084.692
1120.948
1155.592
1149.952
1125.782
1145.924
1190.236
1199.098
1207.961
1423.932
1855.875
1942.133
1943.745
1776.919
1855.875
1847.013
1518.247
1328.057
885.6397
687.393
609.9977
564.8798
809.0501
838.1049
1099.194
1233.742
1481.991
1783.365
1790.616
1880.902
1669.764
1573.838
1467.489
1318.389
1290.996
1120.142
1149.952
1136.255
1167.677
1326.445
1327.251
1226.491
1203.127
1220.046
1089.526
1058.105
1014.548
1075.024
1112.891
1217.629
1453.793
1563.365
1673.793
1676.21
1666.542
1624.596
1519.858
1378.009
1129.81
1001.657
901.7532
862.2751
860.6637
954.1222
1085.498
1165.26
1306.303
1432.795
1542.417
1529.526
1501.328
1486.825
1414.264
1392.511
1321.611
1280.522
1247.489
1241.044
1247.489
1211.989
1246.683
1227.297
1180.568
1145.118
1140.284
1154.786
1123.365
1154.786
1189.43
1266.02
1344.976
1411.847
1480.38
1585.924
1737.441
1735.83
1733.413
1627.819
1559.336
1408.624
1243.461
1117.725
933.9803
881.6113
849.3843
962.179
1096.777
1224.88
1369.146
1466.683
1612.511
1620.568
1621.373
1543.223
1440.851
1299.858
1171.705
1108.862
1022.605
1011.325
966.2073
1030.661
1074.218
1153.175
1215.212
1251.517
1283.745
1270.048
1272.465
1214.406
1182.179
1141.895
1085.498
1042.797
1023.41
1035.546
1015.354
1020.993
1023.41
1037.963
1048.437
1047.631
1070.19
1040.38
1072.607
1070.996
1099.194
1111.279
1102.417
1129.81
1124.976
1158.009
1126.587
1113.697
1088.72
1112.085
1149.952
1190.236
1486.825
1873.651
2000.142
2011.421
1895.404
1939.716
1832.511
1544.834
1253.935
810.6615
606.775
508.4825
517.3449
709.1462
819.5239
1087.915
1283.745
1589.952
1830.094
1861.565
1903.461
1721.327
1596.397
1435.212
1311.138
1228.102
1083.081
1100.0
1113.697
1185.402
1319.194
1356.255
1341.753
1233.742
1231.325
1161.231
1059.716
1020.993
1000.851
1054.882
1125.782
1290.996
1490.854
1630.236
1708.437
1708.437
1699.574
1619.762
1487.631
1294.218
1073.413
940.4258
845.3559
827.631
840.5218
946.8711
1075.024
1188.624
1324.834
1465.878
1558.53
1551.28
1523.081
1489.242
1420.709
1382.037
1312.749
1265.214
1234.548
1234.548
1232.937
1216.823
1241.849
1220.046
1173.317
1141.089
1137.061
1129.81
1109.668
1146.729
1199.098
1268.437
1364.312
1445.736
1551.28
1719.716
1770.474
1776.919
1712.465
1677.821
1564.17
1346.587
1182.985
985.5436
875.9716
797.7706
811.4672
921.8951
1046.825
1224.074
1374.786
1564.17
1644.738
1697.963
1667.347
1575.45
1443.269
1292.607
1163.648
1025.827
975.0698
914.644
921.8951
967.8187
1054.882
1128.199
1189.43
1275.688
1289.384
1318.389
1284.55
1248.295
1199.904
1134.644
1089.526
1004.88
1012.937
986.3493
967.8187
970.2357
992.7947
1041.991
1033.934
1055.688
1062.939
1092.749
1156.397
1155.592
