938.8143
879.1943
849.3843
834.0765
826.8254
796.1593
800.9933
793.7422
800.1877
810.6615
800.1877
832.465
826.8254
855.8297
847.7729
872.7488
877.5829
896.1135
908.1987
928.3406
958.1506
975.0698
1000.046
1049.242
1099.194
1143.506
1203.932
1274.076
1371.563
1421.515
1512.607
1589.952
1691.518
1773.696
1832.511
1896.21
1952.607
2003.365
2025.118
2056.539
2063.035
2055.734
2018.672
1998.531
1953.413
1903.461
1818.814
1749.526
1671.376
1596.397
1500.522
1410.236
1320.806
1248.295
1167.677
1081.469
1029.05
967.8187
929.9519
886.4454
877.5829
869.5262
859.0524
859.8581
854.2184
904.1703
919.4781
936.3974
967.0131
984.7379
1016.965
1053.271
1072.607
1093.555
1112.085
1135.45
1157.203
1181.373
1189.43
1212.795
1229.714
1257.963
1288.579
1317.583
1353.033
1378.009
1420.709
1435.212
1483.603
1509.384
1535.166
1564.976
1589.146
1608.482
1616.539
1626.207
1634.264
1635.07
1618.956
1608.482
1587.535
1563.365
1538.389
1492.465
1488.437
1440.851
1400.568
1370.758
1332.891
1313.555
1276.493
1240.238
1246.683
1208.766
1208.766
1187.819
1182.179
1181.373
1173.317
1184.596
1162.843
1166.871
1153.98
1151.563
1133.033
1113.697
1094.36
1079.858
1037.963
1009.714
967.8187
938.0087
894.5021
871.1376
847.7729
821.1352
807.4388
795.3536
781.6571
784.8798
776.0175
789.7139
800.9933
809.0501
820.3296
837.2991
841.3275
861.4694
871.9432
892.8908
899.3362
929.9519
959.762
968.6244
1023.41
1036.352
1095.972
1122.559
1196.681
1261.991
1347.393
1418.292
1481.186
1577.867
1652.845
1751.137
1793.033
1866.4
1920.38
1988.057
2017.867
2041.231
2053.316
2072.703
2033.175
2010.616
1976.777
1936.494
1861.565
1788.199
1714.882
1625.402
1544.834
1439.24
1357.867
1274.882
1196.681
1112.891
1046.02
996.8231
945.2598
899.3362
866.3035
863.8865
845.3559
842.9389
850.19
878.3887
895.3079
925.1179
942.037
980.7095
1004.88
1036.352
1058.105
1084.692
1120.142
1132.227
1174.122
1178.151
1195.07
1210.378
1233.742
1269.242
1290.996
1312.749
1330.474
1363.507
1396.539
1422.321
1465.072
1490.048
1513.413
1550.474
1567.393
1598.814
1606.066
1614.122
1619.762
1634.264
1635.07
1615.734
1599.62
1577.867
1565.782
1515.83
1494.882
1460.238
1440.046
1401.373
1361.895
1331.279
1301.469
1265.214
1241.849
1215.212
1211.989
1203.932
1187.013
1190.236
1185.402
1180.568
1168.483
1175.733
1162.037
1158.814
1142.701
1114.502
1090.332
1087.109
1050.854
1029.05
986.3493
960.5676
918.6724
882.4171
851.8013
837.2991
812.2728
804.2161
784.8798
792.9366
788.1025
798.5763
791.3253
815.4955
814.6899
825.214
831.6594
860.6637
869.5262
887.2511
903.3646
928.3406
946.8711
957.3449
994.4061
1029.856
1083.886
1104.028
1163.648
1231.325
1329.668
1398.956
1457.821
1532.749
1622.179
1721.327
1773.696
1844.596
1913.129
1973.555
2008.199
2033.98
2051.705
2072.703
2041.231
2016.255
1995.308
1946.967
1895.404
1809.146
1742.275
1668.958
1583.507
1473.129
1385.26
1298.247
1226.491
1141.089
1070.19
1011.325
952.5109
915.4498
879.1943
863.8865
846.1616
842.1332
844.5502
871.1376
889.6681
912.2271
944.4542
965.4017
988.7663
1025.022
1049.242
1071.801
1099.194
1116.114
1147.535
1166.871
1189.43
1203.127
1232.131
1252.323
1274.882
1297.441
1326.445
1348.199
1375.592
1413.458
1445.736
1479.574
1506.967
1531.138
1560.142
1590.758
1599.62
1615.734
1616.539
1632.653
1628.624
1628.624
1611.705
1595.592
1576.255
1539.194
1515.024
1476.351
1460.238
1405.402
1388.482
1349.004
1314.36
1278.911
1257.963
1232.131
1220.046
1194.264
1193.458
1183.79
1173.317
1176.539
1162.037
1160.426
1145.924
1149.146
1135.45
1129.004
1104.834
1098.389
1073.413
1045.214
1012.937
984.7379
950.0938
920.2839
885.6397
859.0524
836.4934
827.631
808.2444
792.9366
800.1877
780.0458
803.4104
788.1025
812.2728
805.8274
820.3296
837.2991
847.7729
873.5546
870.3319
902.5589
926.7292
938.8143
952.5109
981.5152
1025.022
1074.218
1107.251
1165.26
1215.212
1304.692
1379.62
1442.463
1535.972
1606.871
1714.882
1774.502
1842.179
1897.015
1967.109
2006.587
2027.535
2054.928
2068.675
2064.646
2020.284
2007.393
1961.469
1898.627
1822.843
1751.943
1683.461
1602.843
1490.854
1408.624
1311.138
1250.712
1155.592
1075.024
1023.41
958.9562
924.3123
875.9716
875.166
860.6637
848.5786
839.7162
859.0524
871.1376
906.5873
920.2839
942.8427
986.3493
1017.771
1042.797
1074.218
1083.081
1104.028
1149.146
1160.426
1187.819
1201.515
1226.491
1251.517
1266.02
1311.943
1300.664
1348.199
1370.758
1417.487
1442.463
1472.323
1498.105
1535.972
1552.891
1590.758
1608.482
1618.956
1618.151
1635.875
1640.709
1620.568
1604.454
1602.843
1577.867
1555.308
1515.83
1494.882
1463.461
1408.624
1393.317
1347.393
1317.583
1290.996
1257.157
1243.461
1220.851
