1232.937
1190.236
1193.458
1203.127
1219.24
1219.24
1255.546
1263.603
1289.384
1306.303
1324.834
1336.919
1344.17
1355.45
1347.393
1347.393
1330.474
1313.555
1297.441
1282.939
1263.603
1222.463
1196.681
1167.677
1145.118
1115.308
1085.498
1060.522
1031.517
1020.188
997.6287
979.0982
971.0414
942.8427
931.5632
917.8668
911.4214
905.7816
888.0568
888.8624
876.7772
882.4171
871.9432
855.8297
838.9105
848.5786
838.9105
846.1616
850.19
853.4126
855.024
875.9716
896.1135
913.0327
949.2881
979.9039
1050.048
1119.336
1189.43
1257.963
1355.45
1475.546
1572.227
1655.262
1725.356
1858.343
1928.437
1977.583
2020.284
2054.122
2088.011
2075.926
2049.288
2022.701
1973.555
1922.797
1841.373
1784.976
1713.271
1608.482
1521.469
1443.269
1375.592
1292.607
1223.269
1158.009
1106.445
1061.328
1031.517
1000.851
973.4584
954.9279
943.6484
945.2598
937.203
910.6157
934.7859
936.3974
937.203
935.5917
933.9803
950.8995
948.4825
967.0131
991.1833
1008.908
1029.856
1047.631
1088.72
1138.672
1180.568
1216.823
1274.882
1326.445
1385.26
1428.766
1473.129
1527.915
1572.227
1602.843
1635.07
1657.679
1672.987
1664.93
1662.513
1652.845
1625.402
1595.592
1548.862
1484.408
1440.046
1406.207
1349.81
1315.166
1285.356
1258.769
1237.821
1204.738
1195.07
1193.458
1205.543
1213.6
1222.463
1250.712
1262.797
1285.356
1308.721
1320.0
1338.531
1347.393
1355.45
1346.587
1349.004
1335.308
1320.0
1299.052
1284.55
1268.437
1232.131
1199.904
1172.511
1142.701
1112.085
1085.498
1057.299
1029.856
1008.908
991.989
964.596
951.7052
933.9803
931.5632
917.0611
899.3362
901.7532
896.9192
885.6397
880.8056
887.2511
877.5829
861.4694
850.9957
851.8013
844.5502
846.1616
836.4934
836.4934
849.3843
855.8297
882.4171
895.3079
929.9519
964.596
1022.605
1086.303
1163.648
1229.714
1312.749
1429.572
1533.555
1631.041
1699.574
1804.312
1897.015
1963.886
2010.616
2042.843
2077.537
2072.703
2049.288
2038.814
2001.753
1941.327
1884.125
1812.369
1752.749
1664.93
1556.114
1492.465
1423.932
1349.004
1282.939
1196.681
1151.563
1104.834
1060.522
1033.129
993.6003
975.8755
961.3733
955.7336
954.1222
936.3974
935.5917
936.3974
941.2314
944.4542
938.8143
940.4258
945.2598
951.7052
966.2073
987.9606
1016.965
1035.546
1052.465
1094.36
1141.089
1182.985
1224.074
1271.659
1332.891
1389.288
1433.6
1488.437
1524.692
1569.004
1631.041
1654.456
1660.902
1660.096
1656.873
1638.293
1619.762
1585.118
1540.806
1511.801
1463.461
1416.681
1380.426
1324.028
1276.493
1250.712
1241.044
1210.378
1188.624
1206.349
1201.515
1217.629
1216.823
1248.295
1268.437
1280.522
1306.303
1307.109
1332.891
1344.976
1342.559
1348.199
1340.142
1340.142
1307.915
1296.635
1282.133
1265.214
1238.627
1214.406
1170.094
1149.146
1125.782
1092.749
1069.384
1037.963
1022.605
1009.714
982.3209
969.4301
954.9279
947.6768
942.037
909.81
925.1179
910.6157
903.3646
889.6681
884.0284
879.1943
871.1376
857.441
846.1616
849.3843
852.6069
851.8013
847.7729
861.4694
857.441
879.1943
884.834
919.4781
942.037
999.2401
1076.635
1139.478
1214.406
1286.967
1403.79
1506.967
1595.592
1677.015
1763.223
1874.456
1929.242
1980.0
2013.838
2054.928
2080.76
2058.151
2042.037
2021.089
1963.886
1909.906
1830.9
1776.919
1692.323
1600.426
1513.413
1440.046
1369.146
1287.773
1213.6
1141.089
1104.834
1059.716
1030.661
998.4344
971.8471
954.9279
940.4258
939.6201
922.7008
914.644
926.7292
925.9235
929.1462
926.7292
929.1462
943.6484
939.6201
960.5676
979.0982
1017.771
1021.799
1046.825
1099.194
1136.255
1184.596
1221.657
1278.105
1336.919
1391.705
1439.24
1483.603
1531.943
1579.478
1611.705
1638.293
1657.679
1668.958
1664.93
1668.153
1640.709
1619.762
1585.924
1552.891
1505.356
1461.044
1421.515
1372.369
1315.166
1289.384
1248.295
1240.238
1206.349
1186.207
1191.041
1191.041
1207.155
1201.515
1217.629
1249.1
1261.991
1293.413
1307.915
1318.389
1338.531
1338.531
1350.616
1336.919
1343.365
1325.64
1306.303
1295.83
1279.716
1249.906
1214.406
1185.402
1166.871
1141.089
1114.502
1082.275
1054.076
1037.157
1016.965
999.2401
974.2641
959.762
950.0938
945.2598
919.4781
915.4498
911.4214
903.3646
892.0851
890.4738
874.3603
876.7772
866.3035
852.6069
840.5218
850.19
838.1049
849.3843
853.4126
857.441
865.4978
888.8624
904.1703
934.7859
985.5436
1045.214
1119.336
1184.596
1259.574
1370.758
1463.461
1562.559
1647.155
1722.939
1847.819
1903.461
1964.692
2004.17
2035.592
2069.48
2066.258
2039.62
2022.701
1976.777
1918.769
1849.43
1789.81
1719.716
1618.151
1528.72
1460.238
1382.843
1312.749
1237.821
1161.231
1123.365
1075.024
1045.214
1003.268
975.0698
965.4017
945.2598
943.6484
930.7576
908.1987
923.5065
918.6724
934.7859
