1593.98
2004.17
1975.972
1851.041
1721.327
1666.542
1710.854
1743.886
1763.223
1719.716
1544.834
1414.264
1399.762
1508.578
1533.555
1441.657
1231.325
1101.611
1149.146
1237.821
1260.38
1152.369
985.5436
912.2271
933.9803
1041.186
1094.36
1030.661
895.3079
814.6899
887.2511
1001.657
1055.688
1018.576
928.3406
909.81
946.0654
1063.745
1162.843
1154.786
1086.303
1043.603
1100.806
1229.714
1348.199
1347.393
1251.517
1220.851
1277.299
1403.79
1485.214
1462.655
1386.871
1349.81
1437.629
1523.081
1573.033
1496.493
1485.214
1482.797
1526.303
1511.801
1528.72
1577.061
1581.089
1469.1
1427.155
1480.38
1570.616
1547.251
1452.181
1328.057
1381.231
1448.153
1465.072
1391.705
1286.967
1223.269
1282.939
1324.834
1328.057
1227.297
1148.341
1111.279
1158.009
1187.013
1147.535
1083.886
1034.74
1024.216
1042.797
1038.769
1023.41
977.4868
938.8143
916.2555
936.3974
950.8995
917.0611
886.4454
860.6637
845.3559
828.4366
837.2991
842.1332
820.3296
773.6003
784.0742
771.9891
834.8821
805.0217
819.5239
871.1376
1077.441
1086.303
864.6921
723.6484
975.0698
1509.384
1551.28
1128.199
816.3012
1213.6
1763.223
1852.653
1576.255
1350.616
1413.458
1689.906
1988.863
1965.498
1743.081
1580.284
1668.153
1943.745
2030.758
1899.432
1743.886
1699.574
1691.518
1755.972
1750.332
1745.498
1651.234
1494.076
1393.317
1432.795
1520.664
1496.493
1363.507
1180.568
1100.0
1162.037
1230.52
1230.52
1104.028
958.1506
913.0327
962.9847
1054.882
1095.166
995.2117
867.9149
826.0197
926.7292
1006.491
1037.963
1004.074
928.3406
912.2271
954.9279
1064.55
1166.065
1155.592
1083.886
1051.659
1126.587
1225.685
1332.085
1339.336
1257.157
1229.714
1280.522
1390.9
1474.74
1465.878
1390.094
1364.312
1427.961
1548.862
1554.502
1506.162
1449.764
1509.384
1562.559
1550.474
1502.133
1540.806
1581.895
1517.441
1443.269
1486.02
1531.943
1556.114
1461.849
1376.397
1394.122
1444.125
1423.127
1386.871
1332.891
1277.299
1268.437
1295.83
1295.83
1225.685
1170.094
1122.559
1151.563
1153.98
1110.474
1064.55
1045.214
1024.216
1022.605
1014.548
987.9606
952.5109
946.8711
929.9519
916.2555
894.5021
880.0
869.5262
859.8581
850.19
813.8842
782.4628
809.0501
801.799
800.1877
756.6812
767.9607
781.6571
839.7162
815.4955
917.0611
1083.081
1058.911
800.1877
752.6528
1115.308
1593.175
1471.517
1013.742
859.0524
1373.175
1843.79
1601.231
1357.061
1428.766
1697.157
1942.939
2013.838
1876.873
1651.234
1610.899
1833.317
2037.203
1976.777
1830.9
1727.773
1696.352
1728.579
1756.777
1778.531
1740.664
1593.98
1444.93
1397.345
1504.55
1523.081
1435.212
1228.102
1090.332
1126.587
1201.515
1261.991
1174.928
1005.686
909.81
913.8384
1004.88
1089.526
1052.465
912.2271
805.8274
861.4694
965.4017
1033.129
1037.157
950.8995
909.0043
919.4781
1004.88
1136.255
1173.317
1112.085
1047.631
1083.886
1182.179
1309.526
1362.701
1299.858
1233.742
1253.129
1340.948
1465.878
1497.299
1438.434
1371.563
1371.563
1550.474
1623.79
1566.587
1404.596
1460.238
1587.535
1682.655
1534.36
1460.238
1503.745
1633.458
1537.583
1514.218
1479.574
1504.55
1485.214
1453.793
1439.24
1443.269
1422.321
1342.559
1347.393
1351.421
1270.854
1260.38
1288.579
1228.908
1174.928
1126.587
1133.033
1151.563
1129.81
1053.271
1000.851
1033.934
1020.993
975.8755
977.4868
938.0087
917.8668
919.4781
920.2839
868.7205
848.5786
852.6069
842.9389
840.5218
817.9125
761.5152
773.6003
804.2161
790.5195
766.3492
745.4017
764.7379
800.1877
867.1092
996.8231
1076.635
991.989
730.8995
796.965
1310.332
1656.873
1361.089
864.6921
946.8711
1533.555
1938.105
1772.891
1444.93
1333.697
1568.199
1860.76
2058.956
2002.559
1741.469
1581.895
1726.162
2014.644
2058.151
1917.157
1768.057
1703.603
1702.797
1773.696
1780.948
1761.611
1664.93
1505.356
1381.231
1433.6
1516.635
1504.55
1402.179
1199.098
1073.413
1133.033
1228.102
1238.627
1117.725
971.8471
877.5829
918.6724
1041.186
1092.749
1018.576
857.441
780.0458
879.1943
1004.88
1046.02
998.4344
913.0327
892.0851
936.3974
1053.271
1159.62
1148.341
1073.413
1054.076
1120.142
1229.714
1336.113
1350.616
1266.825
1248.295
1281.328
1386.871
1470.712
1486.02
1418.292
1451.376
1448.958
1492.465
1519.052
1594.786
1602.843
1581.895
1446.542
1450.57
1621.373
1719.716
1587.535
1431.183
1387.677
1527.109
1635.875
1566.587
1436.017
1352.227
1368.34
1404.596
1486.825
1421.515
1282.939
1210.378
1245.878
1291.801
1299.052
1205.543
1115.308
1101.611
1108.057
1095.972
1100.806
1078.247
1010.52
969.4301
954.1222
950.0938
982.3209
979.0982
907.393
839.7162
841.3275
864.6921
899.3362
876.7772
792.9366
728.4824
756.6812
817.1069
828.4366
796.965
726.8712
691.4214
767.1549
827.631
850.9957
