1211.989
1209.572
1199.098
1184.596
1149.146
1140.284
1118.531
1106.445
1081.469
1075.83
1085.498
1070.19
1072.607
1066.161
1091.943
1087.109
1089.526
1070.19
1068.579
1091.943
1083.081
1070.996
1050.048
1054.076
1079.052
1080.664
1066.967
1053.271
1051.659
1037.157
1013.742
986.3493
957.3449
942.037
912.2271
904.1703
909.81
950.8995
971.8471
999.2401
1069.384
1118.531
1211.183
1263.603
1355.45
1461.849
1597.203
1760.806
1811.563
1888.959
1963.081
2033.98
2084.788
1980.0
1894.598
1790.616
1701.186
1571.421
1366.729
1218.434
1056.493
991.989
887.2511
809.8558
806.6331
797.7706
880.0
906.5873
1018.576
1119.336
1217.629
1300.664
1347.393
1453.793
1501.328
1550.474
1525.498
1518.247
1552.085
1542.417
1552.891
1494.882
1472.323
1483.603
1477.963
1474.74
1416.681
1398.151
1366.729
1313.555
1251.517
1170.9
1113.697
1020.993
951.7052
900.9476
863.0808
864.6921
855.8297
883.2227
945.2598
1048.437
1166.065
1264.408
1370.758
1472.323
1606.871
1696.352
1732.607
1740.664
1732.607
1726.967
1657.679
1573.033
1464.266
1358.672
1268.437
1164.454
1095.972
1029.05
990.3777
978.2925
959.762
994.4061
1084.692
1238.627
1276.493
1324.834
1353.838
1578.672
1606.066
1573.033
1512.607
1491.659
1546.445
1495.688
1402.985
1259.574
1249.906
1268.437
1239.432
1182.985
1141.895
1201.515
1216.017
1242.655
1224.074
1256.352
1253.129
1231.325
1225.685
1178.956
1199.098
1144.312
1091.138
1033.934
1021.799
1068.579
1025.022
1005.686
977.4868
1035.546
1075.024
1075.024
1060.522
1043.603
1113.697
1116.919
1128.199
1078.247
1085.498
1107.251
1070.19
1069.384
1016.965
1024.216
979.0982
934.7859
915.4498
881.6113
909.81
867.9149
872.7488
890.4738
974.2641
1052.465
1054.882
1120.142
1191.041
1319.194
1402.179
1472.323
1580.284
1725.356
1843.79
1887.347
1944.55
1984.834
2064.646
2008.199
1880.902
1809.952
1712.465
1621.373
1421.515
1241.849
1113.697
1032.323
966.2073
835.6878
800.1877
794.5479
877.5829
925.9235
933.1746
1029.856
1130.616
1252.323
1308.721
1357.867
1441.657
1515.024
1567.393
1535.972
1556.114
1570.616
1585.118
1570.616
1511.801
1517.441
1511.801
1500.522
1441.657
1382.037
1373.98
1332.085
1270.048
1149.952
1090.332
1049.242
988.7663
915.4498
853.4126
858.2468
875.9716
900.1419
932.369
987.9606
1117.725
1241.044
1336.113
1429.572
1525.498
1651.234
1718.105
1730.996
1722.133
1717.299
1647.961
1549.668
1448.153
1359.478
1281.328
1179.762
1087.915
1035.546
1036.352
1030.661
1019.382
1038.769
1108.862
1193.458
1253.935
1284.55
1342.559
1412.653
1459.432
1473.129
1460.238
1465.878
1464.266
1450.57
1407.819
1378.009
1368.34
1353.033
1312.749
1282.939
1286.162
1277.299
1258.769
1220.851
1204.738
1200.71
1189.43
1159.62
1124.17
1116.114
1110.474
1103.223
1070.19
1065.356
1073.413
1082.275
1091.138
1076.635
1091.943
1092.749
1113.697
1100.0
1083.081
1088.72
1078.247
1080.664
1036.352
1053.271
1047.631
1059.716
1046.02
1022.605
1054.882
1023.41
1034.74
992.7947
971.8471
963.7903
925.1179
925.9235
884.0284
925.9235
930.7576
972.6528
1000.046
1029.05
1120.948
1178.956
1259.574
1319.194
1427.155
1587.535
1732.607
1830.094
1870.428
1962.275
2037.203
2097.679
2010.616
1892.987
1825.26
1731.801
1613.317
1423.127
1235.354
1098.389
996.0174
910.6157
816.3012
795.3536
793.7422
845.3559
899.3362
949.2881
1072.607
1170.9
1258.769
1312.749
1384.454
1480.38
1531.138
1542.417
1515.83
1539.194
1550.474
1560.948
1523.081
1486.825
1488.437
1498.105
1490.854
1458.627
1415.07
1387.677
1355.45
1303.081
1216.823
1147.535
1066.967
988.7663
916.2555
871.1376
856.6353
853.4126
855.024
896.1135
982.3209
1108.862
1210.378
1312.749
1406.207
1529.526
1653.651
1718.105
1731.801
1738.247
1729.384
1701.991
1623.79
1515.83
1421.515
1330.474
1233.742
1144.312
1078.247
1046.02
1027.439
1020.993
1032.323
1085.498
1162.843
1214.406
1272.465
1308.721
1392.511
1442.463
1460.238
1468.295
1453.793
1460.238
1443.269
1422.321
1382.037
1344.976
1343.365
1314.36
1314.36
1282.133
1289.384
1273.271
1262.797
1257.157
1237.821
1237.821
1195.07
1181.373
1150.758
1131.421
1116.919
1081.469
1065.356
1046.825
1052.465
1054.882
1052.465
1064.55
1066.161
1087.109
1085.498
1099.194
1082.275
1087.915
1084.692
1070.996
1070.996
1060.522
1063.745
1052.465
1046.02
1050.854
1043.603
1030.661
996.0174
990.3777
969.4301
955.7336
930.7576
907.393
922.7008
928.3406
979.9039
984.7379
1041.991
1103.223
1155.592
1257.963
1306.303
1427.155
1525.498
1669.764
1798.672
1837.345
1931.659
1989.668
2077.537
2029.146
1903.461
1857.537
1740.664
1653.651
1470.712
1291.801
1158.814
1021.799
971.8471
848.5786
823.5523
807.4388
844.5502
921.0895
925.9235
1053.271
1128.199
1220.046
