1592.369
1557.725
1506.162
1440.851
1378.009
1330.474
1290.19
1238.627
1241.849
1241.849
1265.214
1299.052
1324.834
1395.734
1408.624
1443.269
1454.598
1465.072
1478.769
1419.904
1407.819
1353.033
1345.782
1297.441
1255.546
1223.269
1216.823
1242.655
1214.406
1242.655
1261.186
1295.83
1317.583
1314.36
1309.526
1298.247
1289.384
1233.742
1182.179
1113.697
1068.579
1012.131
938.8143
899.3362
880.0
868.7205
852.6069
855.024
880.0
904.976
934.7859
958.9562
980.7095
999.2401
1030.661
1038.769
1014.548
1024.216
1009.714
991.989
961.3733
923.5065
924.3123
909.81
913.0327
921.8951
960.5676
1011.325
1081.469
1154.786
1225.685
1394.122
1541.611
1692.323
1764.028
1828.483
1948.579
2029.952
2082.371
1965.498
1897.015
1852.653
1763.223
1629.43
1428.766
1341.753
1212.795
1120.142
1031.517
971.0414
987.9606
971.0414
1007.297
1015.354
1099.194
1174.122
1199.098
1248.295
1253.935
1337.725
1351.421
1344.17
1324.834
1315.971
1357.061
1358.672
1367.535
1357.867
1384.454
1437.629
1445.736
1474.74
1489.242
1515.024
1491.659
1448.153
1421.515
1378.814
1323.223
1205.543
1112.085
1052.465
994.4061
944.4542
868.7205
854.2184
874.3603
933.9803
983.9323
1067.773
1157.203
1263.603
1363.507
1434.406
1494.076
1550.474
1578.672
1587.535
1566.587
1555.308
1506.162
1443.269
1378.814
1339.336
1308.721
1257.157
1241.044
1261.186
1258.769
1304.692
1318.389
1377.203
1401.373
1422.321
1465.878
1436.017
1480.38
1436.017
1427.961
1363.507
1332.085
1328.862
1253.129
1258.769
1189.43
1242.655
1222.463
1227.297
1268.437
1258.769
1324.834
1311.943
1339.336
1307.109
1306.303
1286.162
1227.297
1179.762
1090.332
1076.635
996.8231
948.4825
904.976
876.7772
875.166
849.3843
867.1092
875.9716
918.6724
943.6484
962.179
987.155
1007.297
1046.825
1026.633
1019.382
1017.771
1017.771
990.3777
942.037
928.3406
921.0895
920.2839
933.1746
929.1462
950.8995
1005.686
1077.441
1141.089
1203.127
1303.081
1472.323
1617.345
1731.801
1774.502
1872.845
1984.834
2042.037
2010.616
1918.769
1888.959
1812.369
1712.465
1540.806
1399.762
1311.138
1177.345
1104.834
1012.131
987.9606
987.9606
987.155
1025.827
1040.38
1134.644
1166.065
1207.155
1229.714
1281.328
1350.616
1333.697
1338.531
1314.36
1330.474
1365.924
1357.061
1372.369
1369.146
1407.819
1440.851
1450.57
1474.74
1481.186
1505.356
1454.598
1432.795
1404.596
1303.081
1195.07
1123.365
1065.356
1007.297
952.5109
894.5021
875.9716
902.5589
950.8995
995.2117
1052.465
1128.199
1228.908
1324.028
1400.568
1459.432
1521.469
1556.919
1569.81
1568.199
1556.919
1516.635
1450.57
1391.705
1349.004
1323.223
1275.688
1246.683
1267.631
1261.991
1307.109
1306.303
1368.34
1422.321
1424.738
1469.1
1437.629
1483.603
1450.57
1426.349
1366.729
1332.891
1336.113
1261.186
1255.546
1184.596
1233.742
1233.742
1208.766
1254.74
1265.214
1324.834
1310.332
1336.919
1303.081
1310.332
1286.967
1232.131
1185.402
1099.194
1082.275
1002.463
937.203
901.7532
884.0284
877.5829
850.19
865.4978
876.7772
909.81
938.0087
954.9279
979.9039
1000.046
1033.129
1025.022
1012.131
1013.742
1002.463
981.5152
949.2881
923.5065
917.0611
922.7008
917.8668
936.3974
958.1506
1005.686
1082.275
1143.506
1207.155
1303.886
1461.849
1604.454
1730.996
1789.004
1862.371
1959.858
2040.426
2030.758
1935.688
1885.736
1831.705
1726.162
1567.393
1419.098
1326.445
1203.127
1116.114
1029.05
996.8231
995.2117
983.9323
1020.188
1034.74
1116.114
1163.648
1190.236
1224.074
1258.769
1340.948
1328.057
1335.308
1303.886
1318.389
1365.924
1354.644
1374.786
1369.146
1411.847
1440.046
1462.655
1481.186
1493.271
1508.578
1464.266
1441.657
1415.875
1365.924
1302.275
1181.373
1115.308
1047.631
1003.268
935.5917
886.4454
877.5829
905.7816
957.3449
994.4061
1052.465
1130.616
1228.908
1327.251
1395.734
1459.432
1519.858
1555.308
1571.421
1563.365
1557.725
1524.692
1465.072
1407.013
1375.592
1346.587
1321.611
1283.745
1265.214
1279.716
1332.085
1366.729
1388.482
1400.568
1431.183
1464.266
1468.295
1460.238
1439.24
1402.985
1373.98
1342.559
1294.218
1246.683
1220.046
1203.127
1213.6
1209.572
1223.269
1258.769
1266.02
1294.218
1331.279
1338.531
1322.417
1300.664
1278.105
1239.432
1187.013
1129.004
1052.465
991.989
946.8711
908.1987
871.9432
851.8013
848.5786
847.7729
859.0524
888.0568
921.8951
942.037
957.3449
977.4868
995.2117
1007.297
1003.268
991.1833
971.8471
954.9279
942.037
922.7008
906.5873
906.5873
921.8951
942.8427
976.6812
1038.769
1093.555
1186.207
1258.769
1400.568
1557.725
1703.603
1801.089
1833.317
1971.138
2065.452
2073.509
1985.64
1897.015
1865.594
1771.279
1651.234
1448.153
1343.365
1229.714
1122.559
1046.825
963.7903
977.4868
960.5676
1002.463
1018.576
