1521.469
1420.709
1523.081
1588.341
1457.015
1373.175
1308.721
1382.843
1369.146
1367.535
1206.349
1182.985
1163.648
1190.236
1162.843
1136.255
1020.188
1026.633
991.1833
1004.88
974.2641
956.5392
925.1179
881.6113
890.4738
860.6637
898.5305
891.2795
873.5546
818.7183
817.9125
844.5502
900.9476
867.1092
829.2424
808.2444
830.048
869.5262
897.7249
879.1943
864.6921
874.3603
910.6157
955.7336
989.5719
991.989
1026.633
1228.102
1192.653
995.2117
932.369
1326.445
1677.821
1527.915
1095.972
1051.659
1560.948
1963.081
1826.065
1448.153
1382.843
1610.899
1934.076
2009.004
1865.594
1638.293
1668.153
1824.454
1963.886
1973.555
1797.061
1660.096
1701.991
1769.668
1753.554
1719.716
1647.961
1582.701
1462.655
1426.349
1457.821
1507.773
1443.269
1263.603
1127.393
1116.919
1223.269
1279.716
1163.648
938.8143
894.5021
958.9562
1042.797
1030.661
961.3733
851.8013
776.0175
860.6637
966.2073
996.0174
912.2271
840.5218
840.5218
947.6768
1008.908
1047.631
1024.216
1004.88
1030.661
1079.052
1160.426
1206.349
1252.323
1216.017
1183.79
1257.157
1372.369
1409.43
1402.179
1390.9
1373.175
1412.653
1478.769
1549.668
1580.284
1530.332
1461.849
1510.996
1645.544
1672.181
1583.507
1480.38
1569.81
1654.456
1669.764
1549.668
1553.697
1510.996
1502.939
1523.081
1544.028
1454.598
1412.653
1373.98
1364.312
1388.482
1349.004
1274.882
1220.046
1219.24
1142.701
1159.62
1145.924
1103.223
1019.382
996.0174
970.2357
996.8231
990.3777
952.5109
876.7772
855.024
880.0
878.3887
889.6681
846.1616
821.1352
800.9933
827.631
838.9105
884.0284
840.5218
791.3253
769.572
840.5218
887.2511
878.3887
829.2424
826.0197
895.3079
924.3123
945.2598
943.6484
989.5719
1128.199
1265.214
1070.19
911.4214
1049.242
1550.474
1703.603
1336.113
996.8231
1199.098
1801.895
2004.976
1703.603
1365.924
1444.93
1751.943
2048.482
1998.531
1812.369
1637.487
1672.987
1872.039
2009.81
1985.64
1775.308
1681.044
1715.688
1786.587
1755.166
1754.36
1672.987
1577.867
1461.849
1430.378
1493.271
1523.886
1461.849
1246.683
1119.336
1106.445
1232.131
1285.356
1157.203
914.644
873.5546
957.3449
1033.129
1029.856
951.7052
827.631
751.0414
854.2184
962.9847
987.155
903.3646
821.1352
835.6878
926.7292
1008.908
1053.271
1031.517
971.8471
1006.491
1071.801
1154.786
1219.24
1253.935
1208.766
1176.539
1250.712
1380.426
1423.127
1404.596
1353.033
1399.762
1483.603
1549.668
1566.587
1563.365
1469.906
1493.271
1598.009
1699.574
1680.238
1559.336
1486.02
1564.17
1706.02
1687.489
1569.004
1502.939
1496.493
1515.83
1593.98
1539.194
1436.017
1373.175
1383.648
1389.288
1374.786
1322.417
1223.269
1198.292
1174.928
1145.924
1149.952
1109.668
1034.74
993.6003
969.4301
970.2357
950.0938
965.4017
893.6965
834.0765
835.6878
871.1376
888.0568
852.6069
805.0217
773.6003
800.1877
834.0765
859.0524
838.1049
788.1025
782.4628
776.8231
867.9149
886.4454
863.8865
796.1593
814.6899
901.7532
977.4868
979.0982
944.4542
1041.991
1232.937
1218.434
958.9562
959.762
1371.563
1750.332
1520.664
1078.247
1071.801
1645.544
2029.146
1839.762
1452.181
1381.231
1675.404
1991.28
2070.286
1889.764
1697.157
1652.845
1822.843
2008.199
2047.677
1838.956
1668.958
1696.352
1788.199
1794.644
1761.611
1697.157
1589.146
1490.854
1419.098
1474.74
1530.332
1472.323
1291.801
1122.559
1106.445
1196.681
1283.745
1182.179
958.9562
858.2468
947.6768
1029.05
1035.546
983.9323
850.9957
756.6812
804.2161
938.8143
985.5436
926.7292
829.2424
820.3296
888.0568
991.1833
1034.74
1035.546
993.6003
976.6812
1039.574
1136.255
1216.823
1245.072
1210.378
1166.871
1218.434
1348.199
1423.932
1413.458
1384.454
1361.895
1395.734
1496.493
1554.502
1560.142
1573.838
1486.825
1516.635
1590.758
1683.461
1699.574
1583.507
1523.081
1551.28
1677.821
1726.162
1618.956
1536.777
1490.048
1498.911
1591.563
1554.502
1469.906
1386.065
1365.924
1387.677
1370.758
1357.867
1253.129
1186.207
1191.847
1150.758
1135.45
1133.033
1044.408
1010.52
980.7095
956.5392
940.4258
938.0087
929.9519
851.8013
830.8538
831.6594
850.9957
864.6921
832.465
768.7663
763.1265
793.7422
829.2424
842.9389
793.7422
788.1025
767.1549
825.214
863.8865
854.2184
855.8297
815.4955
867.1092
896.9192
967.8187
970.2357
1012.131
1139.478
1270.854
1035.546
928.3406
1135.45
1666.542
1693.129
1274.882
986.3493
1358.672
1926.02
2021.895
1639.904
1373.98
1507.773
1855.07
2088.817
1970.332
1776.114
1643.126
1713.271
1905.072
2035.592
1971.138
1753.554
1659.29
1717.299
1772.891
1789.004
1750.332
1660.096
1535.972
1434.406
1431.989
1502.133
1530.332
1421.515
1198.292
1091.943
1141.089
1266.825
1282.133
1102.417
884.0284
896.1135
991.989
1042.797
1037.963
948.4825
811.4672
755.0698
884.0284
