1628.624
1455.404
1311.138
1186.207
1097.583
1046.02
1013.742
995.2117
1040.38
1073.413
1103.223
1159.62
1233.742
1219.24
1185.402
1204.738
1225.685
1194.264
1163.648
1134.644
1107.251
1093.555
1091.943
1041.991
1019.382
1027.439
1013.742
1004.88
1025.827
1058.911
1056.493
1029.856
1023.41
1031.517
1001.657
946.0654
888.0568
875.166
929.9519
993.6003
1037.157
1081.469
1147.535
1241.044
1315.166
1357.867
1378.814
1427.155
1777.725
2086.4
2034.786
2002.559
1836.539
1860.76
1794.644
1350.616
1107.251
813.0785
626.9673
647.1092
627.7729
845.3559
995.2117
1090.332
1316.777
1623.79
1772.085
1688.295
1593.98
1548.057
1558.53
1486.825
1357.867
1350.616
1325.64
1326.445
1347.393
1292.607
1345.782
1196.681
1013.742
964.596
956.5392
992.7947
908.1987
932.369
1133.033
1321.611
1504.55
1593.98
1718.91
1748.721
1724.55
1666.542
1514.218
1369.146
1187.013
1046.02
951.7052
913.0327
991.1833
987.155
1000.851
1092.749
1211.989
1333.697
1345.782
1360.284
1403.79
1415.07
1415.07
1407.819
1434.406
1426.349
1402.985
1392.511
1351.421
1336.113
1282.939
1207.155
1134.644
1078.247
1095.166
1087.109
1111.279
1261.186
1610.094
1780.142
1828.483
1773.696
1773.696
1728.579
1472.323
1208.766
971.0414
826.0197
783.2685
825.214
945.2598
1123.365
1280.522
1384.454
1581.895
1672.987
1685.072
1544.834
1424.738
1367.535
1262.797
1144.312
1029.05
1006.491
1010.52
1033.934
1045.214
1106.445
1188.624
1172.511
1193.458
1225.685
1261.991
1240.238
1181.373
1165.26
1155.592
1163.648
1129.81
1090.332
1050.048
1050.048
1038.769
1018.576
1027.439
1031.517
1034.74
1038.769
1065.356
1080.664
1066.967
1034.74
998.4344
971.0414
921.8951
900.1419
878.3887
871.9432
966.2073
1048.437
1160.426
1248.295
1303.886
1365.118
1427.961
1535.972
1856.732
2088.817
2016.255
1958.247
1817.203
1837.345
1766.445
1326.445
1058.911
800.9933
657.5829
693.8384
685.7817
841.3275
981.5152
1097.583
1329.668
1558.53
1717.299
1694.74
1594.786
1556.114
1572.227
1562.559
1432.795
1361.895
1344.976
1336.919
1370.758
1302.275
1290.996
1217.629
1030.661
957.3449
946.0654
974.2641
944.4542
917.8668
1095.972
1297.441
1476.351
1585.118
1681.849
1729.384
1723.745
1690.712
1563.365
1412.653
1241.849
1082.275
995.2117
929.1462
962.9847
987.9606
987.9606
1056.493
1160.426
1289.384
1350.616
1348.199
1392.511
1419.098
1433.6
1439.24
1444.125
1414.264
1408.624
1377.203
1332.891
1290.996
1223.269
1166.065
1103.223
1077.441
1090.332
1067.773
1116.919
1290.19
1593.175
1766.445
1839.762
1862.371
1847.819
1816.397
1622.985
1293.413
1018.576
826.8254
723.6484
732.5109
838.9105
1020.993
1198.292
1330.474
1540.0
1697.963
1745.498
1652.039
1538.389
1444.125
1308.721
1164.454
1037.157
983.9323
952.5109
958.1506
978.2925
1046.02
1153.98
1180.568
1202.321
1241.849
1281.328
1276.493
1226.491
1190.236
1161.231
1141.089
1099.194
1062.939
1036.352
1027.439
1027.439
1012.131
1024.216
1037.157
1048.437
1061.328
1072.607
1079.858
1062.939
1033.934
991.1833
943.6484
915.4498
900.1419
935.5917
973.4584
1033.934
1113.697
1187.819
1284.55
1369.146
1390.094
1417.487
1544.834
1934.882
2075.12
1992.085
1891.375
1754.36
1841.373
1596.397
1182.985
1003.268
710.7576
681.7533
682.559
742.9847
972.6528
1054.076
1175.733
1427.155
1631.041
1763.223
1644.738
1554.502
1512.607
1536.777
1492.465
1356.255
1339.336
1329.668
1349.81
1362.701
1291.801
1339.336
1192.653
1005.686
962.179
951.7052
996.8231
913.8384
937.203
1152.369
1338.531
1517.441
1610.094
1718.105
1743.081
1716.494
1660.902
1508.578
1358.672
1174.928
1036.352
950.8995
907.393
986.3493
994.4061
1009.714
1108.057
1220.851
1341.753
1351.421
1361.895
1407.819
1408.624
1422.321
1411.042
1436.017
1411.042
1390.9
1386.065
1340.948
1313.555
1262.797
1198.292
1138.672
1080.664
1086.303
1087.915
1108.057
1198.292
1450.57
1768.057
1830.094
1869.622
1826.871
1772.891
1677.821
1438.434
1152.369
909.0043
770.3776
727.6768
802.6047
944.4542
1146.729
1304.692
1400.568
1604.454
1722.939
1706.02
1573.033
1449.764
1355.45
1232.937
1111.279
1008.908
983.1266
967.8187
1005.686
1033.129
1104.028
1210.378
1216.823
1206.349
1241.044
1290.19
1260.38
1189.43
1152.369
1128.199
1124.976
1085.498
1061.328
1026.633
1027.439
1041.186
1031.517
1054.076
1069.384
1084.692
1083.886
1079.052
1083.081
1054.076
999.2401
917.0611
873.5546
881.6113
894.5021
917.8668
929.1462
1050.048
1222.463
1304.692
1357.061
1368.34
1385.26
1445.736
1592.369
1956.635
1986.445
1905.072
1824.454
1743.886
1864.788
1574.644
1183.79
972.6528
700.2838
738.1506
706.7292
752.6528
942.8427
1016.159
1207.961
1446.542
1656.068
1751.943
1637.487
1598.009
1541.611
1571.421
1494.076
1338.531
