1030.661
1047.631
1050.854
1083.081
1072.607
1060.522
1038.769
1053.271
1081.469
1110.474
1125.782
1104.834
1107.251
1097.583
1099.194
1090.332
1095.166
1123.365
1181.373
1205.543
1188.624
1176.539
1176.539
1299.858
1479.574
1697.157
1606.871
1402.985
1246.683
1366.729
1601.231
1742.275
1722.133
1548.057
1419.904
1336.919
1379.62
1465.072
1477.963
1407.819
1299.858
1227.297
1208.766
1162.843
1107.251
1064.55
1067.773
1147.535
1189.43
1187.013
1120.948
1048.437
1046.02
1141.895
1296.635
1384.454
1390.094
1339.336
1296.635
1312.749
1383.648
1464.266
1518.247
1512.607
1469.1
1393.317
1360.284
1340.142
1353.033
1357.867
1336.113
1308.721
1259.574
1186.207
1117.725
1086.303
1105.64
1137.061
1165.26
1158.009
1111.279
1070.996
1077.441
1131.421
1211.183
1277.299
1315.971
1308.721
1293.413
1315.166
1347.393
1391.705
1417.487
1446.542
1452.181
1433.6
1413.458
1376.397
1356.255
1353.033
1391.705
1423.127
1411.042
1344.17
1245.878
1207.961
1227.297
1287.773
1309.526
1296.635
1259.574
1196.681
1180.568
1196.681
1249.906
1284.55
1298.247
1290.996
1276.493
1277.299
1278.911
1297.441
1329.668
1344.976
1362.701
1353.838
1330.474
1297.441
1271.659
1280.522
1297.441
1288.579
1256.352
1203.127
1158.814
1132.227
1125.782
1124.976
1123.365
1107.251
1062.133
1038.769
1012.131
1023.41
1039.574
1064.55
1063.745
1070.19
1059.716
1052.465
1056.493
1058.105
1077.441
1100.806
1109.668
1115.308
1090.332
1096.777
1096.777
1115.308
1130.616
1153.98
1173.317
1180.568
1163.648
1166.871
1182.985
1305.498
1488.437
1643.126
1632.653
1415.875
1278.911
1335.308
1574.644
1743.081
1744.692
1598.814
1434.406
1346.587
1332.085
1427.155
1482.797
1439.24
1342.559
1250.712
1182.985
1153.175
1117.725
1083.081
1083.081
1135.45
1196.681
1187.013
1145.118
1078.247
1060.522
1129.004
1266.825
1375.592
1406.207
1361.089
1311.138
1303.081
1364.312
1438.434
1502.133
1508.578
1477.157
1422.321
1375.592
1341.753
1337.725
1331.279
1342.559
1321.611
1287.773
1218.434
1154.786
1096.777
1087.915
1117.725
1155.592
1174.122
1154.786
1095.972
1076.635
1099.194
1162.843
1249.1
1299.052
1323.223
1309.526
1305.498
1334.502
1361.089
1394.928
1434.406
1457.015
1447.347
1423.127
1396.539
1370.758
1343.365
1336.919
1378.814
1430.378
1409.43
1330.474
1198.292
1183.79
1228.908
1305.498
1330.474
1288.579
1253.129
1193.458
1191.847
1246.683
1295.83
1307.915
1298.247
1287.773
1272.465
1274.882
1290.19
1304.692
1348.199
1354.644
1367.535
1332.085
1297.441
1263.603
1259.574
1279.716
1290.996
1292.607
1243.461
1175.733
1112.085
1112.085
1122.559
1126.587
1126.587
1079.052
1043.603
1015.354
1005.686
1040.38
1055.688
1072.607
1062.133
1073.413
1055.688
1050.854
1041.991
1062.133
1107.251
1128.199
1124.976
1072.607
1062.939
1064.55
1115.308
1147.535
1166.065
1163.648
1120.142
1137.867
1146.729
1202.321
1262.797
1424.738
1566.587
1664.125
1496.493
1325.64
1278.911
1480.38
1702.797
1762.417
1684.266
1500.522
1382.037
1311.138
1377.203
1457.821
1483.603
1418.292
1303.081
1206.349
1155.592
1106.445
1079.052
1075.024
1122.559
1187.819
1189.43
1152.369
1083.886
1045.214
1080.664
1184.596
1336.919
1395.734
1382.037
1323.223
1293.413
1324.834
1398.151
1481.186
1529.526
1515.024
1461.044
1389.288
1338.531
1328.057
1347.393
1361.089
1351.421
1308.721
1245.072
1162.843
1107.251
1092.749
1113.697
1145.118
1166.871
1150.758
1113.697
1070.19
1079.052
1127.393
1211.989
1279.716
1318.389
1317.583
1304.692
1309.526
1331.279
1380.426
1433.6
1463.461
1465.072
1436.823
1404.596
1370.758
1354.644
1353.838
1396.539
1431.183
1415.875
1340.948
1242.655
1205.543
1232.937
1280.522
1301.469
1290.996
1262.797
1199.904
1184.596
1192.653
1249.1
1286.967
1304.692
1305.498
1280.522
1283.745
1278.911
1289.384
1328.862
1351.421
1372.369
1365.118
1328.862
1288.579
1255.546
1277.299
1289.384
1310.332
1284.55
1224.074
1158.814
1121.753
1124.976
1128.199
1133.838
1113.697
1088.72
1056.493
1019.382
1010.52
1020.993
1050.854
1065.356
1073.413
1082.275
1057.299
1051.659
1048.437
1057.299
1100.806
1113.697
1129.81
1088.72
1079.858
1063.745
1081.469
1129.004
1124.976
1159.62
1109.668
1166.065
1159.62
1184.596
1220.851
1328.862
1581.895
1679.432
1573.033
1328.057
1267.631
1448.958
1685.072
1790.616
1720.522
1547.251
1407.819
1322.417
1379.62
1469.906
1498.911
1429.572
1303.081
1224.074
1168.483
1120.948
1085.498
1058.911
1087.915
1157.203
1188.624
1162.843
1079.858
1035.546
1055.688
1162.037
1316.777
1386.871
1390.9
1336.919
1295.83
1326.445
1394.122
1488.437
1540.806
1533.555
1486.825
1408.624
1354.644
1342.559
1345.782
1368.34
1353.033
1320.0
1257.157
1181.373
1123.365
1082.275
1091.943
1118.531
