1203.127
1129.004
1074.218
1070.996
1038.769
1017.771
981.5152
966.2073
956.5392
936.3974
910.6157
905.7816
897.7249
884.0284
881.6113
887.2511
915.4498
930.7576
938.0087
971.8471
1017.771
1067.773
1094.36
1150.758
1212.795
1281.328
1345.782
1382.037
1440.046
1493.271
1537.583
1584.312
1618.151
1650.428
1655.262
1645.544
1653.651
1650.428
1640.709
1606.066
1570.616
1545.64
1539.194
1505.356
1475.546
1437.629
1431.183
1416.681
1396.539
1382.843
1367.535
1374.786
1383.648
1364.312
1357.061
1353.033
1348.199
1336.113
1320.0
1311.943
1290.19
1261.186
1227.297
1209.572
1187.819
1157.203
1105.64
1074.218
1058.911
1031.517
1009.714
971.0414
970.2357
955.7336
943.6484
941.2314
932.369
946.0654
949.2881
934.7859
940.4258
947.6768
940.4258
936.3974
924.3123
926.7292
916.2555
901.7532
875.166
867.9149
863.0808
841.3275
822.7466
813.0785
799.382
805.0217
799.382
788.9082
809.8558
834.0765
865.4978
896.1135
955.7336
1033.129
1106.445
1175.733
1234.548
1374.786
1481.991
1559.336
1644.738
1730.19
1844.596
1908.295
1967.915
1997.725
2050.899
2082.371
2074.315
2065.452
2043.648
2027.535
1966.303
1908.295
1861.565
1813.98
1730.19
1635.07
1569.004
1496.493
1425.544
1350.616
1290.19
1249.906
1201.515
1164.454
1110.474
1083.081
1059.716
1032.323
997.6287
968.6244
950.8995
934.7859
911.4214
891.2795
889.6681
880.8056
867.9149
864.6921
876.7772
901.7532
915.4498
919.4781
945.2598
990.3777
1045.214
1082.275
1123.365
1182.179
1261.186
1320.0
1369.146
1419.904
1489.242
1523.081
1569.004
1598.814
1633.458
1661.708
1667.347
1663.319
1668.958
1664.125
1642.321
1603.648
1580.284
1581.089
1548.057
1527.915
1471.517
1455.404
1460.238
1430.378
1408.624
1392.511
1396.539
1381.231
1369.952
1360.284
1354.644
1341.753
1328.862
1300.664
1295.83
1281.328
1253.935
1216.017
1192.653
1175.733
1150.758
1106.445
1063.745
1045.214
1028.245
1004.88
964.596
958.1506
950.8995
942.037
943.6484
921.8951
922.7008
928.3406
919.4781
925.9235
935.5917
936.3974
937.203
929.1462
929.1462
920.2839
918.6724
908.1987
884.834
874.3603
859.8581
838.9105
821.9409
807.4388
807.4388
813.8842
796.1593
808.2444
826.8254
849.3843
881.6113
900.9476
974.2641
1040.38
1112.891
1181.373
1263.603
1385.26
1501.328
1586.729
1663.319
1754.36
1859.149
1933.271
1980.0
2010.616
2063.035
2088.011
2075.12
2059.762
2048.482
1982.417
1913.129
1870.428
1817.203
1748.721
1661.708
1589.146
1534.36
1473.935
1403.79
1321.611
1273.271
1232.937
1194.264
1143.506
1084.692
1073.413
1044.408
1018.576
980.7095
959.762
942.037
917.8668
893.6965
886.4454
882.4171
866.3035
850.9957
858.2468
872.7488
899.3362
900.9476
926.7292
958.9562
1020.188
1064.55
1095.166
1142.701
1199.904
1279.716
1335.308
1381.231
1441.657
1507.773
1540.806
1585.118
1618.956
1651.234
1661.708
1667.347
1669.764
1673.793
1661.708
1631.041
1595.592
1599.62
1571.421
1544.834
1511.801
1486.02
1481.186
1459.432
1441.657
1418.292
1406.207
1401.373
1386.871
1369.146
1371.563
1347.393
1337.725
1315.166
1293.413
1283.745
1257.157
1223.269
1195.07
1165.26
1155.592
1112.891
1074.218
1046.02
1029.856
1008.103
975.0698
958.1506
950.8995
942.037
938.0087
928.3406
921.8951
923.5065
924.3123
917.8668
925.1179
926.7292
925.9235
921.8951
918.6724
923.5065
924.3123
909.81
893.6965
877.5829
878.3887
872.7488
842.9389
831.6594
828.4366
829.2424
817.1069
830.8538
853.4126
860.6637
888.0568
902.5589
954.9279
1018.576
1085.498
1153.175
1225.685
1329.668
1444.125
1531.943
1607.677
1697.963
1805.118
1892.987
1942.133
1979.194
2026.729
2078.343
2064.646
2064.646
2052.511
2022.701
1990.474
1923.603
1878.485
1817.203
1762.417
1672.181
1597.203
1551.28
1484.408
1412.653
1332.085
1280.522
1244.266
1195.07
1153.175
1101.611
1074.218
1046.825
1023.41
988.7663
971.0414
953.3165
944.4542
919.4781
905.7816
888.0568
893.6965
873.5546
871.9432
876.7772
896.1135
907.393
908.1987
938.0087
983.1266
1031.517
1066.161
1109.668
1169.288
1229.714
1302.275
1342.559
1402.179
1449.764
1506.967
1548.862
1592.369
1631.041
1652.039
1660.096
1668.958
1677.821
1666.542
1652.039
1625.402
1593.98
1593.98
1565.782
1530.332
1498.105
1470.712
1477.963
1454.598
1426.349
1406.207
1394.928
1395.734
1372.369
1362.701
1353.838
1345.782
1330.474
1307.915
1300.664
1280.522
1250.712
1215.212
1186.207
1179.762
1146.729
1108.057
1066.161
1053.271
1030.661
1011.325
979.0982
957.3449
954.9279
937.203
923.5065
919.4781
912.2271
925.1179
921.8951
925.1179
928.3406
930.7576
924.3123
915.4498
910.6157
925.1179
916.2555
900.1419
880.8056
877.5829
874.3603
856.6353
838.1049
838.9105
833.2708
836.4934
825.214
826.8254
850.9957
873.5546
905.7816
925.9235
993.6003
1065.356
