0,1007.297
1,1536.777
2,2039.62
3,1458.627
4,524.5959
5,817.9125
6,1677.821
7,1679.432
8,1350.616
9,1138.672
10,905.7816
11,1179.762
12,1833.317
13,1747.915
14,1179.762
15,897.7249
16,982.3209
17,1436.017
18,1624.596
19,1017.771
20,561.6571
21,841.3275
22,1165.26
23,1581.089
24,2035.592
25,1480.38
26,521.3733
27,783.2685
28,1681.849
29,1709.242
30,1377.203
31,1173.317
32,900.9476
33,1116.919
34,1801.089
35,1868.011
36,1246.683
37,881.6113
38,971.8471
39,1412.653
40,1664.93
41,1124.976
42,575.3536
43,768.7663
44,1149.952
45,1500.522
46,2069.48
47,1720.522
48,672.0851
49,643.0808
50,1517.441
51,1780.142
52,1461.044
53,1257.157
54,930.7576
55,1029.05
56,1702.797
57,1927.631
58,1365.118
59,907.393
60,932.369
61,1318.389
62,1686.683
63,1303.886
64,653.5546
65,697.8668
66,1078.247
67,1367.535
68,1948.579
69,1892.987
70,855.024
71,563.2685
72,1359.478
73,1755.972
74,1475.546
75,1277.299
76,969.4301
77,938.0087
78,1572.227
79,1895.404
80,1466.683
81,995.2117
82,894.5021
83,1171.705
84,1619.762
85,1427.155
86,734.9279
87,631.8013
88,1017.771
89,1287.773
90,1774.502
91,1938.105
92,1035.546
93,519.7619
94,1250.712
95,1732.607
96,1481.991
97,1287.773
98,1034.74
99,888.8624
100,1440.046
101,1883.319
102,1525.498
103,999.2401
104,871.1376
105,1147.535
106,1605.26
107,1461.044
108,784.0742
109,618.0544
110,1004.074
111,1261.186
112,1713.271
113,1950.19
114,1096.777
115,489.1462
116,1178.956
117,1723.745
118,1485.214
119,1283.745
120,1077.441
121,875.9716
122,1348.199
123,1867.205
124,1587.535
125,1035.546
126,852.6069
127,1073.413
128,1533.555
129,1524.692
130,849.3843
131,551.989
132,922.7008
133,1206.349
134,1624.596
135,1988.863
136,1280.522
137,462.5589
138,987.9606
139,1723.745
140,1586.729
141,1299.858
142,1117.725
143,892.0851
144,1225.685
145,1858.343
146,1713.271
147,1144.312
148,863.0808
149,967.0131
150,1439.24
151,1627.013
152,970.2357
153,531.0414
154,834.0765
155,1158.814
156,1553.697
157,2070.286
158,1523.886
159,518.9563
160,782.4628
161,1652.039
162,1693.935
163,1365.924
164,1178.151
165,889.6681
166,1102.417
167,1809.146
168,1813.175
169,1303.886
170,971.8471
171,933.9803
172,1340.948
173,1693.935
174,1211.989
175,601.1353
176,780.8514
177,1137.867
178,1349.004
179,2016.255
180,1868.011
181,809.8558
182,618.0544
183,1423.932
184,1726.162
185,1472.323
186,1328.862
187,1005.686
188,963.7903
189,1602.037
190,1888.153
191,1438.434
192,1008.103
193,910.6157
194,1264.408
195,1697.963
196,1341.753
197,656.7773
198,739.762
199,1118.531
200,1303.886
201,1881.707
202,1946.967
203,917.8668
204,573.7422
205,1352.227
206,1720.522
207,1477.963
208,1325.64
209,1018.576
210,942.037
211,1555.308
212,1879.29
213,1444.125
214,1025.022
215,889.6681
216,1151.563
217,1677.015
218,1423.932
219,679.3362
220,659.1943
221,1044.408
222,1240.238
223,1719.716
224,1964.692
225,1103.223
226,497.203
227,1172.511
228,1708.437
229,1465.878
230,1301.469
231,1079.052
232,875.166
233,1373.175
234,1847.013
235,1535.972
236,1087.109
237,884.834
238,1053.271
239,1548.057
240,1539.194
241,830.8538
242,570.5196
243,935.5917
244,1155.592
245,1610.094
246,2019.478
247,1318.389
248,471.4214
249,934.7859
250,1691.518
251,1605.26
252,1345.782
253,1137.867
254,884.834
255,1198.292
256,1825.26
257,1632.653
258,1159.62
259,962.179
260,1011.325
261,1440.851
262,1617.345
263,967.0131
264,571.3253
265,889.6681
266,1165.26
267,1454.598
268,2045.26
269,1653.651
270,643.0808
271,695.4498
272,1557.725
273,1710.854
274,1433.6
275,1244.266
276,939.6201
277,1057.299
278,1708.437
279,1818.814
280,1324.028
281,995.2117
282,963.7903
283,1315.971
284,1694.74
285,1275.688
286,620.5219
287,738.9563
288,1127.393
289,1259.574
290,1772.085
291,1920.38
292,1033.934
293,593.0785
294,1270.048
295,1685.878
296,1454.598
297,1296.635
298,1086.303
299,925.9235
300,1386.871
301,1822.843
302,1523.886
303,1108.862
304,917.0611
305,1078.247
306,1577.061
307,1519.052
308,806.6331
309,586.6331
310,961.3733
311,1152.369
312,1572.227
313,2053.316
314,1436.017
315,522.9847
316,865.4978
317,1681.044
318,1662.513
319,1364.312
320,1162.843
321,902.5589
322,1175.733
323,1797.867
324,1766.445
325,1281.328
326,959.762
327,955.7336
328,1415.875
329,1692.323
330,1078.247
331,565.6855
332,804.2161
333,1125.782
334,1378.814
335,2054.928
336,1812.369
337,722.8428
338,681.7533
339,1499.716
340,1727.773
341,1461.849
342,1265.214
343,937.203
344,1033.129
345,1679.432
346,1833.317
347,1368.34
348,1012.131
349,969.4301
350,1297.441
351,1685.878
352,1299.052
353,645.4978
354,716.3973
355,1087.915
356,1258.769
357,1750.332
358,1931.659
359,1054.076
360,554.4061
361,1241.849
362,1691.518
363,1481.186
364,1305.498
365,1065.356
366,921.8951
367,1422.321
368,1826.065
369,1482.797
370,1057.299
371,907.393
372,1116.114
373,1584.312
374,1490.854
375,776.8231
376,581.799
377,962.179
378,1180.568
379,1629.43
380,1966.303
381,1228.908
382,492.369
383,1066.967
384,1703.603
385,1522.275
386,1290.19
387,1083.886
388,916.2555
389,1336.113
390,1809.146
391,1582.701
392,1118.531
393,913.0327
394,1046.825
395,1495.688
396,1555.308
397,863.8865
398,556.8231
399,916.2555
400,1157.203
401,1564.976
402,2038.008
403,1432.795
404,518.1506
405,851.8013
406,1677.015
407,1660.096
408,1356.255
409,1148.341
410,913.0327
411,1178.151
412,1785.782
413,1754.36
414,1234.548
415,951.7052
416,1012.937
417,1434.406
418,1614.122
419,1028.245
420,584.2161
421,841.3275
422,1162.037
423,1378.814
424,1962.275
425,1756.777
426,737.3449
427,709.1462
428,1485.214
429,1708.437
430,1436.823
431,1249.906
432,959.762
433,1069.384
434,1681.044
435,1809.952
436,1392.511
437,981.5152
438,927.5349
439,1344.17
440,1688.295
441,1229.714
442,625.3559
443,764.7379
444,1104.028
445,1284.55
446,1888.153
447,1897.015
448,873.5546
449,606.775
450,1358.672
451,1699.574
452,1478.769
453,1317.583
454,1016.965
455,942.037
456,1535.972
457,1861.565
458,1440.851
459,1020.993
460,894.5021
461,1198.292
462,1683.461
463,1376.397
464,651.9432
465,679.3362
466,1058.105
467,1241.044
468,1736.635
469,1915.546
470,1056.493
471,529.4301
472,1249.1
473,1698.769
474,1450.57
475,1293.413
476,1070.996
477,904.976
478,1419.098
479,1847.013
480,1486.02
481,1045.214
482,920.2839
483,1137.061
484,1575.45
485,1452.987
486,755.8755
487,635.8297
488,1030.661
489,1237.821
490,1654.456
491,1917.157
492,1157.203
493,520.5676
494,1136.255
495,1701.991
496,1495.688
497,1275.688
498,1090.332
499,920.2839
500,1312.749
501,1826.871
502,1567.393
503,1083.886
504,945.2598
505,1085.498
506,1497.299
507,1527.915
508,883.2227
509,567.2969
510,926.7292
511,1187.819
512,1482.797
513,1987.251
514,1515.024
515,639.0524
516,790.5195
517,1585.118
518,1684.266
519,1371.563
520,1176.539
521,952.5109
522,1158.009
523,1735.024
524,1721.327
525,1224.88
526,1020.993
527,1085.498
528,1364.312
529,1592.369
530,1174.928
531,645.4978
532,849.3843
533,1175.733
534,1273.271
535,1726.967
536,1830.9
537,1016.965
538,686.5873
539,1316.777
540,1646.349
541,1426.349
542,1281.328
543,1086.303
544,1012.131
545,1510.19
546,1773.696
547,1396.539
548,1055.688
549,1015.354
550,1232.937
551,1580.284
552,1364.312
553,743.7903
554,686.5873
555,1049.242
556,1241.849
557,1580.284
558,1872.039
559,1290.996
560,620.5219
561,1028.245
562,1672.181
563,1532.749
564,1270.854
565,1125.782
566,1009.714
567,1313.555
568,1734.218
569,1560.142
570,1133.033
571,981.5152
572,1143.506
573,1482.797
574,1486.02
575,929.1462
576,641.4694
577,886.4454
578,1148.341
579,1469.906
580,1955.024
581,1647.961
582,755.0698
583,776.0175
584,1474.74
585,1692.323
586,1436.017
587,1197.487
588,978.2925
589,1129.004
590,1669.764
591,1728.579
592,1282.939
593,988.7663
594,1066.967
595,1421.515
596,1602.037
597,1178.151
598,665.6397
599,768.7663
600,1112.891
601,1322.417
602,1689.1
603,1780.142
604,1106.445
605,682.559
606,1226.491
607,1647.155
608,1465.072
609,1244.266
610,1095.166
611,1041.991
612,1429.572
613,1716.494
614,1473.129
615,1066.161
616,966.2073
617,1227.297
618,1575.45
619,1379.62
620,803.4104
621,649.5262
622,964.596
623,1261.991
624,1621.373
625,1873.651
626,1327.251
627,658.3887
628,925.1179
629,1635.875
630,1636.681
631,1332.085
632,1111.279
633,1008.103
634,1274.882
635,1698.769
636,1603.648
637,1201.515
638,991.1833
639,1113.697
640,1490.854
641,1532.749
642,1002.463
643,658.3887
644,849.3843
645,1129.81
646,1321.611
647,1785.782
648,1787.393
649,921.8951
650,712.3689
651,1341.753
652,1641.515
653,1458.627
654,1273.271
655,1044.408
656,1037.963
657,1530.332
658,1755.972
659,1391.705
660,1020.993
661,1007.297
662,1325.64
663,1631.041
664,1291.801
665,752.6528
666,722.037
667,1042.797
668,1271.659
669,1567.393
670,1855.875
671,1394.928
672,744.596
673,972.6528
674,1609.288
675,1609.288
676,1304.692
677,1142.701
678,1050.048
679,1257.157
680,1664.93
681,1570.616
682,1245.878
683,1050.048
684,1118.531
685,1477.963
686,1542.417
687,1009.714
688,662.4171
689,884.834
690,1151.563
691,1287.773
692,1686.683
693,1784.17
694,1088.72
695,715.5917
696,1268.437
697,1624.596
698,1419.904
699,1273.271
700,1132.227
701,1021.799
702,1436.823
703,1739.858
704,1415.875
705,1053.271
706,1011.325
707,1274.882
708,1615.734
709,1347.393
710,731.7052
711,624.5502
712,985.5436
713,1259.574
714,1499.716
715,1893.792
716,1543.223
717,744.596
718,828.4366
719,1560.948
720,1695.546
721,1369.952
722,1202.321
723,1047.631
724,1141.089
725,1606.066
726,1720.522
727,1312.749
728,1003.268
729,1097.583
730,1458.627
731,1587.535
732,1164.454
733,641.4694
734,752.6528
735,1132.227
736,1289.384
737,1596.397
738,1830.9
739,1217.629
740,645.4978
741,1141.089
742,1677.015
743,1497.299
744,1251.517
745,1149.146
746,1026.633
747,1308.721
748,1718.105
749,1604.454
750,1191.847
751,950.8995
752,1123.365
753,1528.72
754,1554.502
755,896.1135
756,560.0457
757,850.9957
758,1169.288
759,1336.113
760,1833.317
761,1809.146
762,923.5065
763,670.4738
764,1361.089
765,1732.607
766,1431.989
767,1261.991
768,1085.498
769,996.8231
770,1486.02
771,1822.037
772,1463.461
773,983.9323
774,933.1746
775,1323.223
776,1697.157
777,1304.692
778,643.8865
779,618.0544
780,1051.659
781,1294.218
782,1560.142
783,1905.072
784,1398.956
785,656.7773
786,917.8668
787,1714.882
788,1641.515
789,1298.247
790,1170.9
791,1017.771
792,1203.127
793,1736.635
794,1722.133
795,1263.603
796,909.81
797,1030.661
798,1536.777
799,1620.568
800,943.6484
801,508.4825
802,809.0501
803,1200.71
804,1346.587
805,1826.871
806,1846.207
807,889.6681
808,630.1899
809,1384.454
810,1775.308
811,1444.125
812,1256.352
813,1064.55
814,989.5719
815,1500.522
816,1846.207
817,1490.048
818,976.6812
819,903.3646
820,1310.332
821,1706.02
822,1314.36
823,583.4104
824,590.6614
825,1054.882
826,1291.801
827,1621.373
828,1926.02
829,1270.048
830,518.1506
831,1013.742
832,1773.696
833,1608.482
834,1260.38
835,1136.255
836,981.5152
837,1209.572
838,1790.616
839,1693.129
840,1193.458
841,917.0611
842,1054.076
843,1506.967
844,1576.255
845,861.4694
846,466.5873
847,843.7446
848,1184.596
849,1423.127
850,2067.869
851,1812.369
852,738.9563
853,593.8842
854,1458.627
855,1813.98
856,1463.461
857,1249.906
858,1000.851
859,1017.771
860,1631.847
861,1870.428
862,1414.264
863,943.6484
864,952.5109
865,1366.729
866,1706.825
867,1256.352
868,539.0982
869,638.2467
870,1101.611
871,1307.915
872,1641.515
873,1885.736
874,1184.596
875,544.7379
876,1132.227
877,1756.777
878,1511.801
879,1229.714
880,1151.563
881,999.2401
882,1282.133
883,1766.445
884,1620.568
885,1120.142
886,859.0524
887,1084.692
888,1560.142
889,1506.162
890,815.4955
891,512.5109
892,858.2468
893,1181.373
894,1456.21
895,2025.923
896,1697.157
897,705.1179
898,669.6681
899,1517.441
900,1771.279
901,1444.125
902,1226.491
903,991.989
904,1066.967
905,1647.155
906,1798.672
907,1405.402
908,963.7903
909,935.5917
910,1418.292
911,1686.683
912,1126.587
913,545.5436
914,745.4017
915,1137.061
916,1253.129
917,1661.708
918,1920.38
919,1143.506
920,582.6047
921,1215.212
922,1706.825
923,1472.323
924,1277.299
925,1145.924
926,968.6244
927,1311.943
928,1789.004
929,1592.369
930,1109.668
931,884.0284
932,1142.701
933,1635.875
934,1467.489
935,737.3449
936,540.7095
937,922.7008
938,1182.179
939,1423.932
940,2010.616
941,1739.858
942,730.0938
943,679.3362
944,1489.242
945,1760.806
946,1452.987
947,1245.072
948,1012.131
949,1040.38
950,1595.592
951,1814.786
952,1411.847
953,967.8187
954,968.6244
955,1419.904
956,1677.821
957,1172.511
958,569.7139
959,672.8908
960,1103.223
961,1258.769
962,1614.928
963,1911.517
964,1269.242
965,575.3536
966,1081.469
967,1741.469
968,1548.862
969,1255.546
970,1150.758
971,1026.633
972,1270.048
973,1749.526
974,1657.679
975,1203.127
976,945.2598
977,1112.891
978,1552.085
979,1570.616
980,860.6637
981,522.179
982,875.166
983,1147.535
984,1267.631
985,1751.943
986,1915.546
987,1035.546
988,605.9693
989,1287.773
990,1722.133
991,1443.269
992,1287.773
993,1146.729
994,951.7052
995,1383.648
996,1828.483
997,1544.834
998,1003.268
999,838.9105
1000,1242.655
1001,1735.83
1002,1336.113
1003,568.9082
1004,528.6243
1005,1015.354
1006,1278.911
1007,1547.251
1008,1966.303
1009,1508.578
1010,609.192
1011,834.8821
1012,1743.081
1013,1695.546
1014,1307.109
1015,1219.24
1016,1022.605
1017,1137.061
1018,1723.745
1019,1776.114
1020,1295.024
1021,954.9279
1022,1032.323
1023,1502.939
1024,1642.321
1025,1020.993
1026,480.2838
1027,784.8798
1028,1193.458
1029,1307.109
1030,1691.518
1031,1917.157
1032,1098.389
1033,570.5196
1034,1280.522
1035,1753.554
1036,1442.463
1037,1261.991
1038,1136.255
1039,962.9847
1040,1403.79
1041,1847.819
1042,1540.0
1043,1043.603
1044,889.6681
1045,1208.766
1046,1677.015
1047,1386.871
1048,618.0544
1049,539.9038
1050,1056.493
1051,1311.138
1052,1592.369
1053,1905.878
1054,1328.862
1055,565.6855
1056,969.4301
1057,1792.227
1058,1651.234
1059,1255.546
1060,1172.511
1061,1030.661
1062,1209.572
1063,1751.137
1064,1706.02
1065,1222.463
1066,889.6681
1067,1059.716
1068,1549.668
1069,1574.644
1070,859.0524
1071,501.2314
1072,838.1049
1073,1189.43
1074,1289.384
1075,1755.166
1076,1865.594
1077,955.7336
1078,638.2467
1079,1344.17
1080,1738.247
1081,1434.406
1082,1272.465
1083,1107.251
1084,983.1266
1085,1460.238
1086,1819.62
1087,1494.076
1088,1004.88
1089,896.1135
1090,1277.299
1091,1713.271
1092,1307.915
1093,555.2117
1094,576.965
1095,1047.631
1096,1249.1
1097,1509.384
1098,1979.194
1099,1484.408
1100,638.2467
1101,856.6353
1102,1689.906
1103,1668.153
1104,1299.052
1105,1222.463
1106,1028.245
1107,1131.421
1108,1714.076
1109,1729.384
1110,1293.413
1111,990.3777
1112,1062.939
1113,1481.186
1114,1609.288
1115,1043.603
1116,552.7947
1117,771.1833
1118,1172.511
1119,1270.854
1120,1573.033
1121,1868.011
1122,1271.659
1123,610.8033
1124,1109.668
1125,1734.218
1126,1500.522
1127,1261.991
1128,1192.653
1129,1030.661
1130,1260.38
1131,1740.664
1132,1644.738
1133,1215.212
1134,968.6244
1135,1157.203
1136,1528.72
1137,1503.745
1138,815.4955
1139,503.6484
1140,882.4171
1141,1171.705
1142,1258.769
1143,1847.819
1144,1877.679
1145,873.5546
1146,649.5262
1147,1429.572
1148,1740.664
1149,1422.321
1150,1316.777
1151,1108.862
1152,958.1506
1153,1491.659
1154,1865.594
1155,1428.766
1156,976.6812
1157,984.7379
1158,1318.389
1159,1688.295
1160,1303.081
1161,553.6003
1162,576.965
1163,1070.996
1164,1218.434
1165,1424.738
1166,1959.858
1167,1665.736
1168,759.0981
1169,764.7379
1170,1566.587
1171,1683.461
1172,1369.146
1173,1295.024
1174,1032.323
1175,1059.716
1176,1647.961
1177,1774.502
1178,1307.915
1179,1048.437
1180,1112.085
1181,1439.24
1182,1573.033
1183,1073.413
1184,543.1266
1185,731.7052
1186,1160.426
1187,1219.24
1188,1589.146
1189,1973.555
1190,1267.631
1191,522.9847
1192,1142.701
1193,1768.862
1194,1477.963
1195,1290.996
1196,1198.292
1197,929.9519
1198,1291.801
1199,1831.705
1200,1632.653
1201,1145.924
1202,975.8755
1203,1147.535
1204,1560.142
1205,1537.583
1206,741.3733
1207,444.834
1208,909.81
1209,1232.937
1210,1262.797
1211,1865.594
1212,1839.762
1213,843.7446
1214,673.6965
1215,1453.793
1216,1728.579
1217,1383.648
1218,1297.441
1219,1075.024
1220,1000.851
1221,1544.834
1222,1852.653
1223,1370.758
1224,975.0698
1225,1011.325
1226,1318.389
1227,1631.041
1228,1246.683
1229,489.9519
1230,601.9409
1231,1132.227
1232,1234.548
1233,1560.948
1234,1922.797
1235,1336.919
1236,569.7139
1237,1033.934
1238,1773.696
1239,1536.777
1240,1229.714
1241,1193.458
1242,1003.268
1243,1203.932
1244,1773.696
1245,1652.039
1246,1166.871
1247,986.3493
1248,1136.255
1249,1486.02
1250,1556.919
1251,846.1616
1252,445.6397
1253,869.5262
1254,1215.212
1255,1302.275
1256,1878.485
1257,1804.312
1258,800.9933
1259,689.8101
1260,1452.987
1261,1746.304
1262,1399.762
1263,1263.603
1264,1053.271
1265,1022.605
1266,1589.952
1267,1832.511
1268,1364.312
1269,975.0698
1270,1033.934
1271,1373.175
1272,1646.349
1273,1173.317
1274,506.0655
1275,694.6441
1276,1158.009
1277,1246.683
1278,1593.98
1279,1905.072
1280,1232.131
1281,580.9933
1282,1117.725
1283,1735.83
1284,1505.356
1285,1264.408
1286,1187.819
1287,995.2117
1288,1214.406
1289,1779.336
1290,1635.07
1291,1172.511
1292,966.2073
1293,1109.668
1294,1495.688
1295,1563.365
1296,850.9957
1297,448.8624
1298,859.8581
1299,1193.458
1300,1315.166
1301,1817.203
1302,1810.758
1303,888.0568
1304,680.9476
1305,1411.042
1306,1731.801
1307,1400.568
1308,1274.076
1309,1108.862
1310,990.3777
1311,1495.688
1312,1817.203
1313,1431.183
1314,1005.686
1315,1029.05
1316,1362.701
1317,1609.288
1318,1150.758
1319,556.0173
1320,694.6441
1321,1150.758
1322,1220.851
1323,1602.037
1324,1954.218
1325,1224.074
1326,537.4869
1327,1143.506
1328,1725.356
1329,1481.186
1330,1288.579
1331,1189.43
1332,936.3974
1333,1226.491
1334,1806.729
1335,1658.485
1336,1149.952
1337,938.0087
1338,1100.806
1339,1544.834
1340,1571.421
1341,787.2969
1342,442.417
1343,906.5873
1344,1195.875
1345,1277.299
1346,1870.428
1347,1839.762
1348,822.7466
1349,669.6681
1350,1440.046
1351,1717.299
1352,1408.624
1353,1303.081
1354,1081.469
1355,984.7379
1356,1536.777
1357,1848.625
1358,1422.321
1359,1015.354
1360,1007.297
1361,1321.611
1362,1627.819
1363,1185.402
1364,500.4257
1365,671.2795
1366,1140.284
1367,1211.183
1368,1573.033
1369,1978.389
1370,1301.469
1371,526.2074
1372,1089.526
1373,1753.554
1374,1519.052
1375,1283.745
1376,1216.823
1377,983.9323
1378,1195.875
1379,1794.644
1380,1681.849
1381,1203.127
1382,967.0131
1383,1087.109
1384,1502.939
1385,1601.231
1386,823.5523
1387,437.583
1388,871.1376
1389,1178.956
1390,1253.129
1391,1872.039
1392,1909.906
1393,925.9235
1394,617.2488
1395,1382.037
1396,1753.554
1397,1408.624
1398,1310.332
1399,1129.81
1400,923.5065
1401,1423.127
1402,1877.679
1403,1485.214
1404,1032.323
1405,942.8427
1406,1261.991
1407,1660.096
1408,1295.83
1409,548.7662
1410,576.1592
1411,1094.36
1412,1263.603
1413,1572.227
1414,1930.048
1415,1356.255
1416,603.5524
1417,972.6528
1418,1762.417
1419,1606.066
1420,1269.242
1421,1225.685
1422,1037.157
1423,1165.26
1424,1735.024
1425,1653.651
1426,1203.932
1427,1042.797
1428,1124.17
1429,1457.821
1430,1572.227
1431,1001.657
1432,514.1223
1433,817.9125
1434,1199.098
1435,1228.908
1436,1621.373
1437,1896.21
1438,1164.454
1439,589.0501
1440,1241.849
1441,1721.327
1442,1400.568
1443,1262.797
1444,1203.127
1445,960.5676
1446,1290.996
1447,1781.753
1448,1577.867
1449,1153.98
1450,1004.88
1451,1175.733
1452,1546.445
1453,1445.736
1454,734.9279
1455,504.4541
1456,955.7336
1457,1233.742
1458,1338.531
1459,1973.555
1460,1751.943
1461,728.4824
1462,720.4257
1463,1554.502
1464,1740.664
1465,1367.535
1466,1286.967
1467,1073.413
1468,1038.769
1469,1596.397
1470,1820.426
1471,1311.138
1472,984.7379
1473,1098.389
1474,1371.563
1475,1605.26
1476,1181.373
1477,504.4541
1478,686.5873
1479,1166.065
1480,1224.074
1481,1528.72
1482,1930.048
1483,1300.664
1484,560.0457
1485,1122.559
1486,1724.55
1487,1468.295
1488,1254.74
1489,1229.714
1490,987.155
1491,1209.572
1492,1772.085
1493,1600.426
1494,1164.454
1495,1040.38
1496,1167.677
1497,1499.716
1498,1513.413
1499,792.1309
1500,460.1419
1501,912.2271
1502,1238.627
1503,1279.716
1504,1886.542
1505,1851.041
1506,826.0197
1507,654.3603
1508,1476.351
1509,1747.915
1510,1378.009
1511,1284.55
1512,1080.664
1513,1029.856
1514,1581.895
1515,1830.9
1516,1373.98
1517,999.2401
1518,1058.105
1519,1366.729
1520,1627.819
1521,1196.681
1522,507.6768
1523,619.7162
1524,1155.592
1525,1265.214
1526,1562.559
1527,1917.963
1528,1263.603
1529,531.0414
1530,1115.308
1531,1765.64
1532,1490.854
1533,1232.131
1534,1208.766
1535,1004.074
1536,1199.098
1537,1764.028
1538,1650.428
1539,1181.373
1540,1012.937
1541,1129.81
1542,1453.793
1543,1530.332
1544,820.3296
1545,445.6397
1546,883.2227
1547,1213.6
1548,1297.441
1549,1918.769
1550,1872.039
1551,821.1352
1552,616.4431
1553,1438.434
1554,1782.559
1555,1419.098
1556,1274.076
1557,1090.332
1558,985.5436
1559,1519.052
1560,1867.205
1561,1396.539
1562,992.7947
1563,1079.052
1564,1344.17
1565,1600.426
1566,1256.352
1567,537.4869
1568,631.8013
1569,1148.341
1570,1265.214
1571,1515.83
1572,1926.02
1573,1411.042
1574,598.7182
1575,1020.188
1576,1737.441
1577,1527.109
1578,1248.295
1579,1219.24
1580,1015.354
1581,1211.183
1582,1743.081
1583,1625.402
1584,1185.402
1585,1020.188
1586,1169.288
1587,1494.882
1588,1511.801
1589,847.7729
1590,469.81
1591,878.3887
1592,1220.851
1593,1253.129
1594,1805.118
1595,1900.238
1596,972.6528
1597,622.9388
1598,1343.365
1599,1736.635
1600,1403.79
1601,1282.939
1602,1174.122
1603,953.3165
1604,1345.782
1605,1817.203
1606,1503.745
1607,1051.659
1608,1002.463
1609,1268.437
1610,1599.62
1611,1371.563
1612,684.1702
1613,500.4257
1614,981.5152
1615,1266.825
1616,1359.478
1617,1913.934
1618,1710.854
1619,781.6571
1620,731.7052
1621,1538.389
1622,1703.603
1623,1353.033
1624,1286.967
1625,1087.109
1626,1048.437
1627,1566.587
1628,1783.365
1629,1324.028
1630,1029.856
1631,1141.089
1632,1374.786
1633,1564.976
1634,1182.179
1635,573.7422
1636,692.227
1637,1176.539
1638,1253.935
1639,1521.469
1640,1909.1
1641,1334.502
1642,580.9933
1643,1083.886
1644,1746.304
1645,1473.129
1646,1254.74
1647,1233.742
1648,1012.937
1649,1224.88
1650,1751.137
1651,1557.725
1652,1174.928
1653,1113.697
1654,1195.875
1655,1436.823
1656,1481.991
1657,831.6594
1658,497.203
1659,941.2314
1660,1232.937
1661,1252.323
1662,1855.875
1663,1893.792
1664,888.0568
1665,639.8581
1666,1464.266
1667,1748.721
1668,1394.122
1669,1322.417
1670,1120.142
1671,978.2925
1672,1510.19
1673,1869.622
1674,1376.397
1675,1053.271
1676,1116.919
1677,1310.332
1678,1575.45
1679,1286.967
1680,547.9606
1681,600.3296
1682,1145.118
1683,1266.02
1684,1497.299
1685,1967.915
1686,1531.943
1687,631.8013
1688,887.2511
1689,1746.304
1690,1643.126
1691,1286.967
1692,1261.186
1693,1053.271
1694,1087.915
1695,1703.603
1696,1711.659
1697,1147.535
1698,1066.967
1699,1232.937
1700,1415.07
1701,1506.162
1702,1016.159
1703,512.5109
1704,781.6571
1705,1211.183
1706,1196.681
1707,1576.255
1708,1967.109
1709,1203.932
1710,555.2117
1711,1187.013
1712,1743.081
1713,1413.458
1714,1286.162
1715,1211.183
1716,917.8668
1717,1272.465
1718,1813.98
1719,1515.83
1720,1114.502
1721,1128.199
1722,1216.823
1723,1431.989
1724,1476.351
1725,857.441
1726,446.4454
1727,844.5502
1728,1223.269
1729,1251.517
1730,1823.648
1731,1903.461
1732,893.6965
1733,592.2728
1734,1418.292
1735,1772.085
1736,1394.928
1737,1278.105
1738,1121.753
1739,950.8995
1740,1415.07
1741,1868.011
1742,1417.487
1743,1052.465
1744,1134.644
1745,1286.162
1746,1523.886
1747,1363.507
1748,671.2795
1749,518.1506
1750,1052.465
1751,1270.048
1752,1427.961
1753,1979.194
1754,1680.238
1755,695.4498
1756,776.8231
1757,1660.096
1758,1698.769
1759,1325.64
1760,1261.991
1761,1042.797
1762,1059.716
1763,1661.708
1764,1758.389
1765,1190.236
1766,1077.441
1767,1194.264
1768,1322.417
1769,1520.664
1770,1168.483
1771,514.1223
1772,664.834
1773,1171.705
1774,1257.157
1775,1556.114
1776,1895.404
1777,1277.299
1778,585.0217
1779,1116.114
1780,1743.081
1781,1495.688
1782,1247.489
1783,1213.6
1784,1015.354
1785,1213.6
1786,1755.166
1787,1511.801
1788,1116.114
1789,1185.402
1790,1213.6
1791,1376.397
1792,1453.793
1793,875.9716
1794,469.0043
1795,898.5305
1796,1261.186
1797,1162.037
1798,1642.321
1799,1954.218
1800,1049.242
1801,610.8033
1802,1339.336
1803,1707.631
1804,1361.089
1805,1334.502
1806,1210.378
1807,914.644
1808,1336.113
1809,1837.345
1810,1366.729
1811,1109.668
1812,1307.109
1813,1238.627
1814,1354.644
1815,1438.434
1816,846.1616
1817,500.4257
1818,937.203
1819,1248.295
1820,1224.88
1821,1811.563
1822,1945.356
1823,970.2357
1824,600.3296
1825,1367.535
1826,1747.915
1827,1374.786
1828,1314.36
1829,1149.952
1830,937.203
1831,1389.288
1832,1832.511
1833,1392.511
1834,1113.697
1835,1267.631
1836,1261.186
1837,1393.317
1838,1419.904
1839,772.7947
1840,505.2598
1841,1002.463
1842,1257.963
1843,1247.489
1844,1895.404
1845,1902.655
1846,881.6113
1847,662.4171
1848,1487.631
1849,1722.133
1850,1374.786
1851,1331.279
1852,1100.806
1853,955.7336
1854,1485.214
1855,1840.568
1856,1341.753
1857,1093.555
1858,1202.321
1859,1275.688
1860,1480.38
1861,1282.939
1862,600.3296
1863,576.965
1864,1103.223
1865,1257.157
1866,1342.559
1867,1963.886
1868,1706.02
1869,744.596
1870,796.1593
1871,1614.122
1872,1655.262
1873,1352.227
1874,1315.166
1875,1046.825
1876,1043.603
1877,1678.627
1878,1718.91
1879,1220.046
1880,1129.004
1881,1200.71
1882,1294.218
1883,1496.493
1884,1054.882
1885,475.4497
1886,744.596
1887,1164.454
1888,1166.871
1889,1499.716
1890,1989.668
1891,1426.349
1892,597.1069
1893,962.9847
1894,1726.162
1895,1552.085
1896,1314.36
1897,1231.325
1898,973.4584
1899,1170.094
1900,1783.365
1901,1613.317
1902,1161.231
1903,1178.151
1904,1176.539
1905,1299.052
1906,1489.242
1907,950.8995
1908,456.9192
1909,788.9082
1910,1182.179
1911,1187.013
1912,1578.672
1913,1972.749
1914,1270.048
1915,575.3536
1916,1124.976
1917,1743.886
1918,1497.299
1919,1275.688
1920,1225.685
1921,980.7095
1922,1192.653
1923,1776.114
1924,1628.624
1925,1162.843
1926,1174.122
1927,1221.657
1928,1315.971
1929,1457.821
1930,919.4781
1931,454.5022
1932,826.0197
1933,1206.349
1934,1165.26
1935,1603.648
1936,1984.028
1937,1198.292
1938,566.4912
1939,1261.186
1940,1724.55
1941,1391.705
1942,1280.522
1943,1174.122
1944,917.8668
1945,1324.028
1946,1826.065
1947,1501.328
1948,1114.502
1949,1174.122
1950,1218.434
1951,1390.094
1952,1400.568
1953,782.4628
1954,446.4454
1955,887.2511
1956,1231.325
1957,1214.406
1958,1745.498
1959,1938.911
1960,992.7947
1961,613.2204
1962,1387.677
1963,1739.858
1964,1382.037
1965,1288.579
1966,1146.729
1967,953.3165
1968,1401.373
1969,1838.151
1970,1429.572
1971,1092.749
1972,1116.919
1973,1226.491
1974,1485.214
1975,1341.753
1976,611.6091
1977,497.203
1978,1030.661
1979,1234.548
1980,1338.531
1981,1983.223
1982,1828.483
1983,763.1265
1984,729.2881
1985,1605.26
1986,1712.465
1987,1360.284
1988,1297.441
1989,1040.38
1990,1005.686
1991,1671.376
1992,1798.672
1993,1244.266
1994,1069.384
1995,1188.624
1996,1360.284
1997,1522.275
1998,1104.028
1999,509.2881
2000,690.6157
2001,1191.041
2002,1246.683
2003,1504.55
2004,1977.583
2005,1425.544
2006,606.775
2007,1036.352
2008,1751.943
2009,1545.64
2010,1282.939
2011,1233.742
2012,1007.297
2013,1193.458
2014,1768.862
2015,1640.709
2016,1164.454
2017,1116.919
2018,1210.378
2019,1397.345
2020,1452.987
2021,837.2991
2022,459.3362
2023,852.6069
2024,1206.349
2025,1214.406
2026,1687.489
2027,1932.465
2028,1090.332
2029,603.5524
2030,1298.247
2031,1726.967
2032,1406.207
2033,1273.271
2034,1163.648
2035,944.4542
2036,1349.004
2037,1813.98
2038,1518.247
2039,1116.114
2040,1095.166
2041,1211.989
2042,1467.489
2043,1390.9
2044,734.9279
2045,460.9476
2046,900.9476
2047,1228.102
2048,1262.797
2049,1791.421
2050,1915.546
2051,935.5917
2052,659.1943
2053,1411.847
2054,1727.773
2055,1393.317
2056,1305.498
2057,1112.085
2058,958.1506
2059,1450.57
2060,1830.9
2061,1405.402
2062,1087.915
2063,1145.924
2064,1287.773
2065,1527.915
2066,1274.882
2067,555.2117
2068,569.7139
2069,1083.886
2070,1229.714
2071,1401.373
2072,2042.037
2073,1700.38
2074,701.0894
2075,780.8514
2076,1612.511
2077,1701.186
2078,1360.284
2079,1261.186
2080,1021.799
2081,1081.469
2082,1718.91
2083,1738.247
2084,1226.491
2085,1133.033
2086,1188.624
2087,1364.312
2088,1524.692
2089,1087.915
2090,488.3406
2091,728.4824
2092,1211.989
2093,1220.046
2094,1475.546
2095,2009.004
2096,1404.596
2097,566.4912
2098,1066.161
2099,1755.166
2100,1480.38
2101,1302.275
2102,1245.072
2103,952.5109
2104,1198.292
2105,1805.923
2106,1541.611
2107,1142.701
2108,1211.183
2109,1197.487
2110,1353.838
2111,1495.688
2112,825.214
2113,449.6681
2114,946.0654
2115,1245.878
2116,1174.928
2117,1720.522
2118,1940.522
2119,999.2401
2120,645.4978
2121,1384.454
2122,1691.518
2123,1358.672
2124,1328.862
2125,1158.814
2126,935.5917
2127,1388.482
2128,1822.037
2129,1386.065
2130,1116.919
2131,1261.991
2132,1221.657
2133,1402.179
2134,1384.454
2135,665.6397
2136,489.1462
2137,1063.745
2138,1259.574
2139,1263.603
2140,1950.996
2141,1832.511
2142,780.0458
2143,722.037
2144,1564.976
2145,1674.598
2146,1338.531
2147,1338.531
2148,1081.469
2149,971.0414
2150,1556.114
2151,1819.62
2152,1228.908
2153,1095.972
2154,1285.356
2155,1302.275
2156,1471.517
2157,1241.044
2158,520.5676
2159,613.2204
2160,1168.483
2161,1246.683
2162,1397.345
2163,2000.142
2164,1547.251
2165,652.7489
2166,963.7903
2167,1728.579
2168,1552.085
2169,1307.109
2170,1279.716
2171,1009.714
2172,1133.033
2173,1750.332
2174,1628.624
2175,1065.356
2176,1158.009
2177,1373.98
2178,1343.365
2179,1438.434
2180,1023.41
2181,485.9236
2182,786.4911
2183,1244.266
2184,1188.624
2185,1429.572
2186,1936.494
2187,1407.819
2188,645.4978
2189,1081.469
2190,1696.352
2191,1477.963
2192,1287.773
2193,1285.356
2194,1020.188
2195,1178.151
2196,1737.441
2197,1540.0
2198,1099.194
2199,1255.546
2200,1344.17
2201,1332.891
2202,1390.9
2203,936.3974
2204,542.3209
2205,888.0568
2206,1231.325
2207,1141.089
2208,1491.659
2209,1969.526
2210,1355.45
2211,620.5219
2212,1112.085
2213,1699.574
2214,1463.461
2215,1322.417
2216,1262.797
2217,976.6812
2218,1187.819
2219,1782.559
2220,1534.36
2221,1074.218
2222,1232.131
2223,1349.81
2224,1338.531
2225,1405.402
2226,901.7532
2227,481.8952
2228,852.6069
2229,1222.463
2230,1145.924
2231,1557.725
2232,1944.55
2233,1216.823
2234,614.0261
2235,1218.434
2236,1698.769
2237,1408.624
2238,1280.522
2239,1221.657
2240,950.0938
2241,1304.692
2242,1813.98
2243,1426.349
2244,1080.664
2245,1305.498
2246,1336.919
2247,1351.421
2248,1353.838
2249,796.1593
2250,502.8428
2251,963.7903
2252,1222.463
2253,1161.231
2254,1686.683
2255,1921.991
2256,1067.773
2257,677.7249
2258,1402.179
2259,1673.793
2260,1345.782
2261,1316.777
2262,1154.786
2263,959.762
2264,1454.598
2265,1819.62
2266,1310.332
2267,1098.389
2268,1353.033
2269,1322.417
2270,1382.843
2271,1274.882
2272,644.6921
2273,547.155
2274,1076.635
2275,1224.074
2276,1203.932
2277,1935.688
2278,1868.011
2279,797.7706
2280,726.8712
2281,1554.502
2282,1675.404
2283,1349.004
2284,1349.004
2285,1094.36
2286,958.1506
2287,1536.777
2288,1860.76
2289,1227.297
2290,1065.356
2291,1415.07
2292,1357.867
2293,1370.758
2294,1233.742
2295,607.5807
2296,546.3493
2297,1111.279
2298,1288.579
2299,1212.795
2300,1899.432
2301,1863.177
2302,848.5786
2303,750.2357
2304,1560.142
2305,1659.29
2306,1314.36
2307,1341.753
2308,1130.616
2309,994.4061
2310,1557.725
2311,1827.677
2312,1200.71
2313,1093.555
2314,1402.179
2315,1334.502
2316,1382.843
2317,1191.847
2318,543.1266
2319,568.9082
2320,1166.871
2321,1261.186
2322,1276.493
2323,2010.616
2324,1784.17
2325,754.2641
2326,796.965
2327,1618.956
2328,1625.402
2329,1321.611
2330,1362.701
2331,1063.745
2332,1010.52
2333,1697.157
2334,1789.81
2335,1112.891
2336,1111.279
2337,1429.572
2338,1365.924
2339,1404.596
2340,1098.389
2341,512.5109
2342,647.9149
2343,1193.458
2344,1222.463
2345,1328.862
2346,2047.677
2347,1730.996
2348,736.5392
2349,875.166
2350,1693.935
2351,1579.478
2352,1322.417
2353,1334.502
2354,1027.439
2355,1086.303
2356,1779.336
2357,1692.323
2358,1052.465
2359,1214.406
2360,1440.046
2361,1312.749
2362,1380.426
2363,1025.022
2364,469.0043
2365,758.2925
2366,1259.574
2367,1193.458
2368,1418.292
2369,2036.397
2370,1548.057
2371,644.6921
2372,1033.129
2373,1766.445
2374,1505.356
2375,1291.801
2376,1340.948
2377,1030.661
2378,1148.341
2379,1812.369
2380,1600.426
2381,1023.41
2382,1282.939
2383,1434.406
2384,1228.102
2385,1364.312
2386,991.1833
2387,468.1987
2388,772.7947
2389,1257.963
2390,1158.814
2391,1459.432
2392,2042.037
2393,1341.753
2394,561.6571
2395,1136.255
2396,1783.365
2397,1416.681
2398,1259.574
2399,1281.328
2400,950.0938
2401,1257.157
2402,1853.458
2403,1443.269
2404,996.0174
2405,1334.502
2406,1385.26
2407,1241.849
2408,1366.729
2409,958.1506
2410,471.4214
2411,812.2728
2412,1264.408
2413,1178.151
2414,1492.465
2415,1991.28
2416,1293.413
2417,586.6331
2418,1217.629
2419,1764.834
2420,1376.397
2421,1253.935
2422,1268.437
2423,970.2357
2424,1293.413
2425,1843.79
2426,1484.408
2427,1030.661
2428,1327.251
2429,1353.838
2430,1261.186
2431,1361.089
2432,913.0327
2433,464.1703
2434,834.8821
2435,1293.413
2436,1163.648
2437,1505.356
2438,1975.972
2439,1205.543
2440,593.0785
2441,1307.109
2442,1751.137
2443,1312.749
2444,1253.935
2445,1274.076
2446,938.0087
2447,1327.251
2448,1859.149
2449,1353.033
2450,1012.131
2451,1414.264
2452,1360.284
2453,1229.714
2454,1322.417
2455,861.4694
2456,464.976
2457,927.5349
2458,1302.275
2459,1175.733
2460,1526.303
2461,1940.522
2462,1180.568
2463,631.8013
2464,1349.004
2465,1729.384
2466,1258.769
2467,1278.911
2468,1258.769
2469,944.4542
2470,1361.895
2471,1849.43
2472,1325.64
2473,1035.546
2474,1447.347
2475,1324.834
2476,1220.851
2477,1311.943
2478,780.0458
2479,479.4781
2480,983.9323
2481,1267.631
2482,1136.255
2483,1643.932
2484,1985.64
2485,1069.384
2486,632.607
2487,1419.904
2488,1689.1
2489,1274.882
2490,1352.227
2491,1206.349
2492,898.5305
2493,1431.989
2494,1870.428
2495,1254.74
2496,1047.631
2497,1467.489
2498,1321.611
2499,1213.6
2500,1308.721
2501,758.2925
2502,495.5917
2503,1007.297
2504,1243.461
2505,1156.397
2506,1732.607
2507,1960.664
2508,972.6528
2509,688.1986
2510,1461.849
2511,1664.93
2512,1290.996
2513,1344.976
2514,1159.62
2515,913.8384
2516,1515.024
2517,1859.149
2518,1175.733
2519,998.4344
2520,1462.655
2521,1359.478
2522,1246.683
2523,1252.323
2524,684.976
2525,473.0327
2526,1014.548
2527,1280.522
2528,1131.421
2529,1733.413
2530,1967.109
2531,986.3493
2532,668.0567
2533,1481.991
2534,1652.039
2535,1266.825
2536,1378.814
2537,1137.867
2538,909.81
2539,1537.583
2540,1857.537
2541,1145.118
2542,1077.441
2543,1510.996
2544,1289.384
2545,1237.821
2546,1307.109
2547,632.607
2548,497.203
2549,1066.967
2550,1282.133
2551,1163.648
2552,1915.546
2553,1875.262
2554,794.5479
2555,775.2117
2556,1627.819
2557,1598.009
2558,1283.745
2559,1401.373
2560,1077.441
2561,947.6768
2562,1661.708
2563,1810.758
2564,1038.769
2565,1146.729
2566,1564.17
2567,1270.854
2568,1268.437
2569,1241.044
2570,639.0524
2571,556.0173
2572,1135.45
2573,1275.688
2574,1135.45
2575,1914.74
2576,1925.214
2577,836.4934
2578,776.8231
2579,1576.255
2580,1586.729
2581,1290.19
2582,1407.013
2583,1109.668
2584,938.0087
2585,1627.819
2586,1818.009
2587,1073.413
2588,1105.64
2589,1542.417
2590,1311.138
2591,1259.574
2592,1277.299
2593,697.8668
2594,553.6003
2595,1091.943
2596,1287.773
2597,1104.834
2598,1809.146
2599,1930.048
2600,906.5873
2601,763.9323
2602,1536.777
2603,1580.284
2604,1298.247
2605,1411.847
2606,1079.858
2607,962.9847
2608,1656.873
2609,1802.701
2610,1004.074
2611,1130.616
2612,1568.199
2613,1286.162
2614,1215.212
2615,1251.517
2616,681.7533
2617,570.5196
2618,1147.535
2619,1244.266
2620,1145.924
2621,1899.432
2622,1917.157
2623,859.0524
2624,745.4017
2625,1544.028
2626,1574.644
2627,1274.882
2628,1398.151
2629,1118.531
2630,921.0895
2631,1553.697
2632,1831.705
2633,1083.081
2634,1074.218
2635,1595.592
2636,1319.194
2637,1159.62
2638,1276.493
2639,811.4672
2640,576.1592
2641,1039.574
2642,1284.55
2643,1114.502
2644,1598.814
2645,1909.1
2646,1100.0
2647,748.6244
2648,1419.098
2649,1589.952
2650,1247.489
2651,1362.701
2652,1199.098
2653,948.4825
2654,1426.349
2655,1776.114
2656,1158.009
2657,1074.218
2658,1573.033
2659,1320.806
2660,1105.64
2661,1290.996
2662,885.6397
2663,556.0173
2664,1007.297
2665,1253.129
2666,1072.607
2667,1651.234
2668,1975.972
2669,1046.02
2670,705.1179
2671,1433.6
2672,1605.26
2673,1281.328
2674,1384.454
2675,1141.895
2676,922.7008
2677,1486.02
2678,1829.288
2679,1096.777
2680,1063.745
2681,1573.838
2682,1293.413
2683,1141.895
2684,1313.555
2685,852.6069
2686,531.0414
2687,1031.517
2688,1288.579
2689,1078.247
2690,1571.421
2691,1930.854
2692,1120.948
2693,697.061
2694,1386.065
2695,1624.596
2696,1228.102
2697,1338.531
2698,1231.325
2699,912.2271
2700,1370.758
2701,1788.199
2702,1218.434
2703,981.5152
2704,1560.948
2705,1424.738
2706,1070.996
2707,1252.323
2708,1000.046
2709,581.799
2710,900.1419
2711,1308.721
2712,1056.493
2713,1312.749
2714,2021.895
2715,1471.517
2716,623.7446
2717,1148.341
2718,1665.736
2719,1354.644
2720,1313.555
2721,1369.952
2722,949.2881
2723,1163.648
2724,1805.118
2725,1460.238
2726,933.9803
2727,1441.657
2728,1545.64
2729,1059.716
2730,1204.738
2731,1145.924
2732,607.5807
2733,784.0742
2734,1262.797
2735,1086.303
2736,1271.659
2737,2078.343
2738,1644.738
2739,663.2227
2740,978.2925
2741,1677.821
2742,1465.878
2743,1348.199
2744,1332.085
2745,960.5676
2746,1139.478
2747,1815.592
2748,1559.336
2749,960.5676
2750,1369.952
2751,1588.341
2752,1146.729
2753,1207.961
2754,1129.81
2755,636.6354
2756,762.3209
2757,1221.657
2758,1165.26
2759,1149.146
2760,1955.83
2761,1889.764
2762,921.8951
2763,849.3843
2764,1506.967
2765,1537.583
2766,1368.34
2767,1422.321
2768,1062.939
2769,1048.437
2770,1698.769
2771,1699.574
2772,1046.825
2773,1302.275
2774,1618.151
2775,1239.432
2776,1194.264
2777,1195.07
2778,726.0654
2779,737.3449
2780,1184.596
2781,1170.094
2782,1082.275
2783,1896.21
2784,1968.721
2785,985.5436
2786,815.4955
2787,1423.127
2788,1540.0
2789,1394.122
2790,1443.269
2791,1111.279
2792,961.3733
2793,1559.336
2794,1763.223
2795,1112.085
2796,1195.875
2797,1557.725
2798,1258.769
2799,1194.264
2800,1283.745
2801,793.7422
2802,593.0785
2803,1090.332
2804,1255.546
2805,1102.417
2806,1664.93
2807,1930.048
2808,1133.838
2809,814.6899
2810,1393.317
2811,1540.806
2812,1289.384
2813,1381.231
2814,1179.762
2815,978.2925
2816,1451.376
2817,1741.469
2818,1175.733
2819,1139.478
2820,1492.465
2821,1260.38
2822,1170.9
2823,1308.721
2824,816.3012
2825,568.1025
2826,1017.771
2827,1227.297
2828,1086.303
2829,1556.114
2830,1945.356
2831,1229.714
2832,734.9279
2833,1296.635
2834,1593.98
2835,1324.028
2836,1321.611
2837,1231.325
2838,952.5109
2839,1345.782
2840,1758.389
2841,1286.967
2842,1048.437
2843,1440.046
2844,1301.469
2845,1144.312
2846,1305.498
2847,924.3123
2848,535.0698
2849,929.1462
2850,1265.214
2851,1039.574
2852,1426.349
2853,2045.26
2854,1369.146
2855,619.7162
2856,1184.596
2857,1635.07
2858,1357.061
2859,1338.531
2860,1286.967
2861,905.7816
2862,1289.384
2863,1820.426
2864,1344.17
2865,983.1266
2866,1441.657
2867,1353.033
2868,1093.555
2869,1309.526
2870,975.8755
2871,483.5065
2872,875.166
2873,1262.797
2874,1047.631
2875,1405.402
2876,2018.672
2877,1373.175
2878,623.7446
2879,1191.041
2880,1656.873
2881,1326.445
2882,1311.943
2883,1294.218
2884,911.4214
2885,1290.19
2886,1797.867
2887,1318.389
2888,983.9323
2889,1446.542
2890,1381.231
2891,1117.725
2892,1274.076
2893,991.1833
2894,606.775
2895,888.0568
2896,1215.212
2897,1098.389
2898,1404.596
2899,1986.445
2900,1488.437
2901,685.7817
2902,1085.498
2903,1643.932
2904,1438.434
2905,1323.223
2906,1291.801
2907,991.989
2908,1218.434
2909,1771.279
2910,1486.825
2911,1013.742
2912,1368.34
2913,1435.212
2914,1170.094
2915,1283.745
2916,1059.716
2917,626.1616
2918,857.441
2919,1229.714
2920,1087.109
2921,1360.284
2922,2000.948
2923,1586.729
2924,742.9847
2925,1026.633
2926,1607.677
2927,1483.603
2928,1386.065
2929,1322.417
2930,991.1833
2931,1145.118
2932,1757.583
2933,1596.397
2934,1040.38
2935,1319.194
2936,1466.683
2937,1227.297
2938,1315.166
2939,1091.943
2940,626.9673
2941,819.5239
2942,1238.627
2943,1182.985
2944,1199.904
2945,1870.428
2946,1761.611
2947,975.8755
2948,954.9279
2949,1466.683
2950,1479.574
2951,1380.426
2952,1366.729
2953,1049.242
2954,1105.64
2955,1693.935
2956,1602.843
2957,1092.749
2958,1373.175
2959,1533.555
2960,1215.212
2961,1245.878
2962,1221.657
2963,723.6484
2964,769.572
2965,1211.183
2966,1199.904
2967,1070.19
2968,1759.194
2969,1920.38
2970,1025.022
2971,880.0
2972,1428.766
2973,1473.129
2974,1358.672
2975,1443.269
2976,1108.862
2977,958.9562
2978,1494.076
2979,1738.247
2980,1124.976
2981,1144.312
2982,1528.72
2983,1264.408
2984,1177.345
2985,1290.19
2986,802.6047
2987,641.4694
2988,1070.19
2989,1199.098
2990,1041.991
2991,1554.502
2992,1925.214
2993,1219.24
2994,808.2444
2995,1287.773
2996,1521.469
2997,1309.526
2998,1385.26
2999,1216.823
