0,1807.535
1,1707.631
2,1642.321
3,1572.227
4,1562.559
5,1500.522
6,1425.544
7,1329.668
8,1286.967
9,1240.238
10,1182.985
11,1082.275
12,1009.714
13,947.6768
14,883.2227
15,827.631
16,764.7379
17,753.4584
18,711.5633
19,672.8908
20,668.8624
21,693.8384
22,735.7336
23,770.3776
24,783.2685
25,869.5262
26,950.8995
27,1047.631
28,1122.559
29,1190.236
30,1288.579
31,1393.317
32,1465.072
33,1550.474
34,1617.345
35,1669.764
36,1709.242
37,1713.271
38,1761.611
39,1801.089
40,1813.175
41,1809.146
42,1807.535
43,1841.373
44,1859.954
45,1868.011
46,1870.428
47,1877.679
48,1888.959
49,1895.404
50,1886.542
51,1868.011
52,1847.819
53,1809.952
54,1751.943
55,1706.825
56,1638.293
57,1564.976
58,1466.683
59,1363.507
60,1271.659
61,1191.041
62,1103.223
63,996.0174
64,913.8384
65,842.9389
66,812.2728
67,775.2117
68,759.9039
69,755.8755
70,767.1549
71,784.0742
72,808.2444
73,846.1616
74,873.5546
75,892.0851
76,904.976
77,933.1746
78,965.4017
79,978.2925
80,976.6812
81,967.0131
82,968.6244
83,949.2881
84,921.8951
85,882.4171
86,855.024
87,825.214
88,785.6855
89,767.9607
90,749.4301
91,744.596
92,736.5392
93,734.1222
94,752.6528
95,787.2969
96,858.2468
97,935.5917
98,989.5719
99,1096.777
100,1162.037
101,1328.057
102,1424.738
103,1561.753
104,1641.515
105,1719.716
106,1839.762
107,1932.465
108,2009.004
109,2032.369
110,2046.065
111,2080.76
112,2078.343
113,2040.426
114,2033.98
115,1985.64
116,1966.303
117,1901.044
118,1846.207
119,1805.118
120,1775.308
121,1699.574
122,1634.264
123,1556.919
124,1532.749
125,1501.328
126,1440.046
127,1361.089
128,1302.275
129,1242.655
130,1183.79
131,1104.028
132,1041.991
133,995.2117
134,921.0895
135,879.1943
136,810.6615
137,798.5763
138,768.7663
139,711.5633
140,699.4781
141,714.786
142,755.8755
143,796.965
144,798.5763
145,867.1092
146,952.5109
147,1036.352
148,1108.862
149,1180.568
150,1270.048
151,1366.729
152,1446.542
153,1512.607
154,1585.924
155,1644.738
156,1697.157
157,1717.299
158,1738.247
159,1797.867
160,1799.478
161,1798.672
162,1791.421
163,1791.421
164,1831.705
165,1834.122
166,1830.9
167,1840.568
168,1845.402
169,1856.732
170,1849.43
171,1835.734
172,1821.231
173,1793.838
174,1733.413
175,1682.655
176,1634.264
177,1581.089
178,1500.522
179,1383.648
180,1295.024
181,1216.823
182,1141.895
183,1054.882
184,954.9279
185,883.2227
186,834.8821
187,803.4104
188,771.9891
189,756.6812
190,754.2641
191,762.3209
192,782.4628
193,807.4388
194,850.9957
195,874.3603
196,897.7249
197,918.6724
198,958.9562
199,993.6003
200,1006.491
201,1000.851
202,999.2401
203,994.4061
204,984.7379
205,947.6768
206,913.8384
207,880.0
208,849.3843
209,800.9933
210,777.6287
211,765.5436
212,750.2357
213,731.7052
214,716.3973
215,737.3449
216,763.9323
217,837.2991
218,909.81
219,971.8471
220,1067.773
221,1135.45
222,1299.052
223,1397.345
224,1521.469
225,1597.203
226,1668.958
227,1775.308
228,1866.4
229,1930.854
230,1963.081
231,1973.555
232,2006.587
233,2032.369
234,1990.474
235,1980.806
236,1932.465
237,1910.712
238,1855.07
239,1799.478
240,1750.332
241,1731.801
242,1664.93
243,1607.677
244,1541.611
245,1514.218
246,1491.659
247,1421.515
248,1345.782
249,1286.967
250,1251.517
251,1198.292
252,1139.478
253,1049.242
254,1020.993
255,943.6484
256,880.8056
257,779.2401
258,767.9607
259,735.7336
260,676.1135
261,674.5022
262,697.8668
263,742.9847
264,770.3776
265,775.2117
266,849.3843
267,933.1746
268,1016.965
269,1091.138
270,1156.397
271,1257.963
272,1350.616
273,1419.098
274,1486.825
275,1561.753
276,1619.762
277,1664.93
278,1668.153
279,1717.299
280,1754.36
281,1749.526
282,1757.583
283,1747.109
284,1760.0
285,1793.838
286,1773.696
287,1802.701
288,1800.284
289,1806.729
290,1819.62
291,1794.644
292,1800.284
293,1789.004
294,1744.692
295,1686.683
296,1647.961
297,1586.729
298,1529.526
299,1412.653
300,1316.777
301,1233.742
302,1141.089
303,1057.299
304,959.762
305,865.4978
306,836.4934
307,776.0175
308,744.596
309,723.6484
310,722.8428
311,737.3449
312,734.9279
313,757.4868
314,791.3253
315,830.048
316,850.19
317,875.166
318,889.6681
319,941.2314
320,949.2881
321,958.1506
322,955.7336
323,966.2073
324,964.596
325,938.0087
326,909.0043
327,874.3603
328,853.4126
329,810.6615
330,780.8514
331,742.9847
332,727.6768
333,710.7576
334,693.0327
335,705.1179
336,726.8712
337,752.6528
338,826.0197
339,888.0568
340,972.6528
341,1068.579
342,1120.948
343,1274.076
344,1367.535
345,1505.356
346,1569.004
347,1639.904
348,1742.275
349,1834.122
350,1885.736
351,1915.546
352,1920.38
353,1964.692
354,1980.0
355,1942.939
356,1930.048
357,1881.707
358,1864.788
359,1792.227
360,1747.109
361,1708.437
362,1685.072
363,1616.539
364,1557.725
365,1493.271
366,1483.603
367,1448.958
368,1383.648
369,1306.303
370,1258.769
371,1219.24
372,1158.009
373,1097.583
374,1007.297
375,987.155
376,900.1419
377,841.3275
378,777.6287
379,751.0414
380,742.9847
381,690.6157
382,644.6921
383,662.4171
384,700.2838
385,736.5392
386,750.2357
387,782.4628
388,873.5546
389,953.3165
390,1037.157
391,1104.028
392,1185.402
393,1279.716
394,1369.952
395,1424.738
396,1499.716
397,1565.782
398,1605.26
399,1639.098
400,1647.961
401,1697.157
402,1732.607
403,1727.773
404,1718.105
405,1725.356
406,1735.024
407,1774.502
408,1743.081
409,1766.445
410,1768.057
411,1776.919
412,1791.421
413,1776.114
414,1776.114
415,1767.251
416,1735.83
417,1672.987
418,1626.207
419,1573.033
420,1522.275
421,1404.596
422,1317.583
423,1232.131
424,1145.924
425,1054.882
426,966.2073
427,870.3319
428,835.6878
429,766.3492
430,734.1222
431,718.0087
432,711.5633
433,726.8712
434,733.3165
435,747.8187
436,785.6855
437,805.8274
438,846.1616
439,871.9432
440,885.6397
441,942.037
442,952.5109
443,958.9562
444,976.6812
445,972.6528
446,962.179
447,940.4258
448,910.6157
449,900.1419
450,857.441
451,811.4672
452,776.8231
453,739.762
454,734.1222
455,715.5917
456,700.2838
457,706.7292
458,727.6768
459,743.7903
460,796.1593
461,858.2468
462,919.4781
463,1034.74
464,1070.996
465,1209.572
466,1330.474
467,1442.463
468,1544.834
469,1596.397
470,1710.048
471,1802.701
472,1862.371
473,1901.044
474,1923.603
475,1940.522
476,1980.806
477,1942.939
478,1942.133
479,1906.683
480,1882.513
481,1829.288
482,1770.474
483,1726.967
484,1729.384
485,1658.485
486,1586.729
487,1531.138
488,1493.271
489,1488.437
490,1409.43
491,1338.531
492,1276.493
493,1246.683
494,1194.264
495,1129.004
496,1030.661
497,1006.491
498,935.5917
499,864.6921
500,813.8842
501,762.3209
502,758.2925
503,707.5349
504,658.3887
505,671.2795
506,697.8668
507,736.5392
508,754.2641
509,776.8231
510,864.6921
511,942.8427
