984.7379
963.7903
978.2925
1007.297
1016.159
1034.74
1060.522
1061.328
1075.024
1095.166
1120.142
1097.583
1091.943
1086.303
1081.469
1061.328
1030.661
1000.046
960.5676
942.037
936.3974
913.0327
902.5589
925.1179
953.3165
981.5152
1033.129
1066.967
1123.365
1162.037
1231.325
1315.166
1438.434
1609.288
1714.882
1755.166
1852.653
1980.0
2080.76
2023.507
1938.105
1866.4
1847.013
1741.469
1546.445
1365.924
1225.685
1140.284
1033.129
921.0895
874.3603
860.6637
870.3319
888.8624
940.4258
1027.439
1086.303
1156.397
1183.79
1270.048
1341.753
1411.042
1427.155
1398.956
1407.819
1500.522
1525.498
1498.105
1469.906
1519.858
1570.616
1583.507
1542.417
1531.943
1507.773
1458.627
1386.065
1318.389
1228.908
1120.142
1010.52
934.7859
884.0284
854.2184
813.8842
805.0217
842.9389
929.1462
1046.02
1147.535
1219.24
1332.085
1464.266
1591.563
1652.845
1656.873
1663.319
1685.072
1658.485
1589.146
1521.469
1443.269
1363.507
1282.939
1228.102
1194.264
1155.592
1125.782
1120.948
1140.284
1204.738
1225.685
1270.048
1287.773
1321.611
1371.563
1362.701
1382.037
1371.563
1369.146
1369.146
1354.644
1360.284
1333.697
1345.782
1337.725
1353.033
1367.535
1355.45
1362.701
1346.587
1350.616
1340.948
1311.943
1261.186
1224.074
1194.264
1164.454
1124.17
1076.635
1039.574
1027.439
1019.382
1005.686
988.7663
990.3777
999.2401
1016.159
1023.41
1035.546
1059.716
1067.773
1071.801
1083.886
1109.668
1106.445
1100.806
1092.749
1084.692
1076.635
1065.356
1045.214
1002.463
975.8755
962.179
942.8427
928.3406
911.4214
913.8384
942.8427
971.0414
1020.188
1039.574
1083.081
1151.563
1192.653
1257.963
1359.478
1504.55
1638.293
1718.91
1782.559
1872.845
2001.753
2072.703
1999.336
1926.02
1842.985
1810.758
1697.963
1486.02
1322.417
1202.321
1109.668
991.989
906.5873
869.5262
856.6353
876.7772
899.3362
966.2073
1038.769
1108.057
1175.733
1209.572
1288.579
1366.729
1430.378
1427.155
1396.539
1431.183
1493.271
1532.749
1506.967
1474.74
1515.024
1566.587
1580.284
1544.834
1510.19
1504.55
1461.849
1389.288
1305.498
1231.325
1121.753
1011.325
935.5917
884.834
850.9957
822.7466
817.1069
841.3275
914.644
1039.574
1141.895
1219.24
1313.555
1443.269
1569.004
1635.07
1654.456
1664.125
1681.044
1663.319
1601.231
1534.36
1459.432
1384.454
1304.692
1239.432
1199.904
1171.705
1156.397
1129.81
1152.369
1185.402
1293.413
1291.801
1316.777
1352.227
1375.592
1427.155
1392.511
1365.924
1350.616
1331.279
1360.284
1316.777
1303.886
1274.882
1286.162
1317.583
1324.028
1350.616
1320.0
1336.113
1344.17
1344.976
1327.251
1276.493
1232.937
1193.458
1155.592
1119.336
1079.858
1019.382
984.7379
981.5152
963.7903
971.0414
962.9847
971.8471
989.5719
1015.354
1054.076
1076.635
1080.664
1092.749
1116.919
1129.004
1128.199
1112.085
1086.303
1069.384
1054.076
1030.661
1026.633
962.179
941.2314
921.0895
929.1462
938.8143
932.369
958.9562
970.2357
1033.934
1059.716
1112.891
1168.483
1195.07
1273.271
1349.004
1510.19
1647.961
1700.38
1764.028
1840.568
2005.781
2064.646
1996.919
1895.404
1846.207
1831.705
1696.352
1501.328
1339.336
1200.71
1121.753
983.9323
922.7008
867.9149
842.1332
870.3319
888.8624
952.5109
1033.129
1098.389
1162.037
1193.458
1290.19
1373.98
1440.851
1423.932
1402.985
1435.212
1502.939
1547.251
1503.745
1468.295
1510.996
1556.114
1576.255
1533.555
1513.413
1486.825
1444.125
1388.482
1312.749
1239.432
1122.559
1023.41
940.4258
890.4738
871.9432
838.1049
813.0785
834.8821
929.1462
1053.271
1145.924
1212.795
1305.498
1445.736
1566.587
1633.458
1654.456
1661.708
1681.044
1664.93
1600.426
1535.166
1458.627
1373.175
1290.19
1222.463
1192.653
1163.648
1130.616
1106.445
1153.98
1226.491
1281.328
1288.579
1270.854
1366.729
1402.985
1419.904
1373.175
1335.308
1365.118
1353.838
1357.867
1286.967
1282.939
1290.996
1314.36
1324.028
1299.858
1349.004
1361.089
1352.227
1345.782
1348.199
1359.478
1303.886
1254.74
1196.681
1187.013
1152.369
1108.862
1033.934
983.9323
1008.103
1010.52
987.155
948.4825
969.4301
1008.103
1030.661
1030.661
1057.299
1067.773
1074.218
1093.555
1097.583
1103.223
1098.389
1093.555
1069.384
1046.02
1058.911
1037.157
991.989
948.4825
960.5676
961.3733
950.8995
925.9235
929.9519
944.4542
984.7379
1057.299
1046.825
1080.664
1148.341
1214.406
1276.493
1347.393
1522.275
1666.542
1722.133
1772.085
1889.764
2053.316
2059.762
1977.583
1880.096
1852.653
1831.705
1665.736
1436.017
1273.271
1182.985
1106.445
967.0131
878.3887
855.8297
865.4978
886.4454
914.644
983.9323
1061.328
1147.535
1203.127
1228.908
1316.777
1406.207
1450.57
1408.624
1378.009
1448.958
1517.441
1515.024
1453.793
1449.764
1515.024
1564.17
1556.919
1509.384
1501.328
1494.882
