1609.288
956.5392
685.7817
643.0808
556.0173
622.9388
708.3405
962.179
1239.432
1622.179
1792.227
1793.838
1814.786
1779.336
1702.797
1542.417
1374.786
1208.766
1119.336
1161.231
1195.07
1262.797
1344.17
1307.915
1271.659
1324.028
1394.928
1215.212
1007.297
988.7663
1004.88
1012.937
1057.299
1211.989
1335.308
1486.02
1671.376
1710.048
1753.554
1699.574
1526.303
1352.227
1241.849
1120.142
915.4498
801.799
816.3012
887.2511
1005.686
1130.616
1278.911
1382.037
1483.603
1573.033
1585.924
1552.085
1437.629
1355.45
1289.384
1232.131
1199.098
1160.426
1153.175
1187.819
1263.603
1275.688
1290.19
1347.393
1326.445
1277.299
1298.247
1336.113
1343.365
1328.862
1382.843
1433.6
1492.465
1507.773
1446.542
1415.875
1384.454
1301.469
1183.79
1143.506
1102.417
1063.745
1080.664
1169.288
1272.465
1349.004
1402.179
1440.046
1489.242
1491.659
1440.046
1324.028
1240.238
1175.733
1098.389
1052.465
1041.186
1053.271
1069.384
1120.142
1213.6
1251.517
1238.627
1253.935
1255.546
1203.127
1175.733
1117.725
1063.745
1051.659
1041.186
1034.74
1047.631
1090.332
1092.749
1058.105
1095.972
1117.725
1093.555
1047.631
1031.517
1011.325
1030.661
1050.854
1044.408
1070.19
1103.223
1128.199
1124.976
1165.26
1180.568
1181.373
1191.847
1182.179
1141.895
1111.279
1129.004
1206.349
1627.819
1935.688
1889.764
1884.125
1950.996
2078.343
1865.594
1544.834
1241.044
872.7488
761.5152
672.8908
612.4147
622.1332
726.8712
971.0414
1288.579
1631.847
1762.417
1761.611
1825.26
1813.98
1724.55
1543.223
1381.231
1223.269
1102.417
1133.033
1193.458
1220.851
1313.555
1288.579
1286.162
1357.061
1423.127
1256.352
1034.74
1030.661
1043.603
1018.576
1054.882
1165.26
1279.716
1403.79
1611.705
1677.821
1708.437
1701.186
1572.227
1411.042
1288.579
1193.458
991.1833
829.2424
823.5523
867.1092
981.5152
1093.555
1226.491
1340.948
1457.821
1559.336
1593.175
1560.142
1457.821
1373.175
1310.332
1245.878
1198.292
1139.478
1134.644
1166.871
1245.878
1278.105
1284.55
1365.924
1369.146
1330.474
1329.668
1363.507
1382.037
1332.891
1354.644
1367.535
1422.321
1455.404
1427.155
1375.592
1357.061
1333.697
1237.821
1188.624
1154.786
1133.838
1116.114
1167.677
1270.048
1315.971
1361.089
1386.871
1437.629
1431.989
1402.985
1330.474
1228.908
1178.956
1132.227
1095.166
1056.493
1091.138
1114.502
1116.919
1202.321
1252.323
1256.352
1225.685
1200.71
1142.701
1129.004
1079.858
1042.797
1030.661
1041.991
1046.825
1066.161
1103.223
1090.332
1096.777
1095.166
1111.279
1079.858
1035.546
1022.605
1013.742
1046.825
1048.437
1076.635
1079.858
1093.555
1149.952
1170.094
1168.483
1147.535
1145.924
1126.587
1121.753
1121.753
1123.365
1116.919
1221.657
1701.991
2021.895
1970.332
1946.967
2009.004
2088.011
1852.653
1513.413
1167.677
806.6331
707.5349
620.5219
597.1069
629.3843
753.4584
995.2117
1332.085
1666.542
1782.559
1784.17
1838.151
1791.421
1689.1
1523.081
1373.98
1205.543
1104.028
1139.478
1205.543
1248.295
1340.948
1301.469
1282.939
1349.81
1406.207
1234.548
1016.965
1004.88
1016.965
1004.88
1054.076
1175.733
1297.441
1426.349
1631.041
1709.242
1721.327
1710.048
1574.644
1402.985
1266.02
1169.288
986.3493
821.9409
812.2728
862.2751
990.3777
1104.028
1253.935
1360.284
1465.878
1569.81
1597.203
1564.976
1457.015
1361.895
1303.886
1231.325
1197.487
1152.369
1141.089
1170.9
1231.325
1285.356
1300.664
1381.231
1380.426
1340.142
1317.583
1377.203
1392.511
1328.862
1344.976
1351.421
1406.207
1445.736
1427.155
1372.369
1336.113
1329.668
1245.072
1203.932
1164.454
1141.895
1129.004
1166.065
1273.271
1329.668
1369.952
1378.009
1435.212
1427.155
1405.402
1334.502
1247.489
1174.122
1111.279
1095.166
1058.105
1078.247
1100.806
1119.336
1190.236
1251.517
1264.408
1234.548
1239.432
1199.098
1151.563
1116.114
1071.801
1044.408
1020.188
1028.245
1041.991
1085.498
1104.028
1093.555
1086.303
1104.028
1120.948
1086.303
1044.408
1000.046
1009.714
1024.216
1052.465
1097.583
1097.583
1090.332
1095.166
1144.312
1191.847
1191.041
1162.037
1080.664
1107.251
1134.644
1158.009
1177.345
1344.976
1830.094
1989.668
1975.166
1998.531
2043.648
2032.369
1716.494
1417.487
1061.328
753.4584
664.834
546.3493
597.9125
655.166
842.1332
1123.365
1458.627
1722.133
1774.502
1818.814
1855.875
1758.389
1629.43
1442.463
1317.583
1192.653
1115.308
1156.397
1194.264
1298.247
1358.672
1311.138
1315.971
1374.786
1352.227
1135.45
1000.046
1012.131
996.8231
995.2117
1070.19
1228.908
1358.672
1513.413
1668.958
1703.603
1754.36
1688.295
1525.498
1351.421
1220.046
1091.943
888.0568
800.1877
818.7183
884.834
1008.103
1137.061
1308.721
1410.236
1515.83
1598.009
1593.98
1541.611
1427.961
1349.81
1280.522
1209.572
1167.677
