1156.397
979.9039
939.6201
931.5632
971.8471
1059.716
1203.127
1301.469
1409.43
1473.935
1477.157
1440.851
1402.985
1431.989
1375.592
1274.076
1245.072
1261.186
1300.664
1277.299
1211.183
1197.487
1222.463
1246.683
1241.044
1247.489
1274.882
1303.886
1366.729
1355.45
1430.378
1484.408
1453.793
1402.985
1367.535
1380.426
1341.753
1228.908
1152.369
1154.786
1189.43
1203.127
1240.238
1278.105
1390.094
1418.292
1432.795
1408.624
1388.482
1379.62
1278.105
1208.766
1195.875
1193.458
1183.79
1158.814
1191.847
1232.131
1290.996
1283.745
1275.688
1260.38
1259.574
1257.157
1190.236
1149.146
1141.089
1126.587
1116.919
1106.445
1124.976
1137.061
1130.616
1126.587
1140.284
1136.255
1125.782
1104.028
1079.052
1085.498
1091.943
1072.607
1059.716
1068.579
1079.052
1066.161
1058.911
1050.854
1046.825
1088.72
1117.725
1149.952
1141.895
1130.616
1118.531
1117.725
1108.057
1054.076
1058.911
1057.299
1096.777
1169.288
1206.349
1360.284
1808.341
2055.734
2047.677
2018.672
1850.236
1925.214
1722.939
1211.989
992.7947
713.9803
556.0173
604.358
616.4431
893.6965
1110.474
1220.046
1538.389
1771.279
1878.485
1867.205
1668.153
1570.616
1492.465
1398.956
1270.854
1083.081
1136.255
1257.963
1325.64
1303.081
1379.62
1319.194
1241.849
1190.236
1107.251
1087.915
1010.52
978.2925
1099.194
1227.297
1437.629
1573.033
1587.535
1660.902
1701.186
1682.655
1550.474
1328.057
1177.345
1054.076
950.0938
890.4738
884.0284
936.3974
1017.771
1149.146
1267.631
1375.592
1480.38
1502.939
1475.546
1431.183
1429.572
1432.795
1331.279
1252.323
1239.432
1278.911
1303.886
1241.044
1202.321
1204.738
1231.325
1241.044
1211.989
1220.851
1286.162
1307.109
1344.976
1378.814
1457.821
1552.085
1491.659
1439.24
1419.904
1419.098
1362.701
1218.434
1149.952
1158.814
1188.624
1174.122
1206.349
1255.546
1332.085
1396.539
1383.648
1390.094
1397.345
1374.786
1299.858
1216.823
1220.046
1221.657
1174.122
1137.867
1165.26
1220.046
1249.906
1238.627
1211.183
1231.325
1247.489
1220.046
1172.511
1148.341
1166.065
1146.729
1114.502
1108.057
1126.587
1138.672
1121.753
1104.028
1088.72
1118.531
1116.114
1075.024
1058.105
1079.052
1100.0
1095.166
1079.858
1069.384
1077.441
1070.996
1056.493
1050.048
1058.911
1058.911
1092.749
1142.701
1181.373
1239.432
1237.821
1163.648
1154.786
1158.009
1106.445
1119.336
1082.275
1075.024
1181.373
1713.271
2015.45
1969.526
1969.526
1881.707
1934.882
1768.057
1277.299
1012.937
758.2925
569.7139
639.0524
657.5829
892.8908
1082.275
1224.074
1557.725
1792.227
1867.205
1837.345
1642.321
1549.668
1445.736
1353.838
1182.179
1070.996
1123.365
1225.685
1338.531
1323.223
1373.98
1362.701
1255.546
1232.131
1157.203
1096.777
1033.934
942.8427
1038.769
1180.568
1345.782
1519.858
1556.114
1616.539
1696.352
1685.878
1606.066
1398.956
1225.685
1091.138
975.0698
917.8668
892.8908
930.7576
990.3777
1109.668
1253.935
1358.672
1457.015
1477.157
1461.849
1443.269
1410.236
1405.402
1348.199
1250.712
1242.655
1272.465
1310.332
1279.716
1234.548
1220.851
1203.127
1197.487
1169.288
1187.819
1218.434
1370.758
1512.607
1465.072
1540.0
1533.555
1537.583
1502.939
1324.028
1295.83
1222.463
1116.919
1090.332
1100.0
1170.9
1225.685
1261.991
1296.635
1444.93
1476.351
1452.987
1399.762
1353.033
1386.065
1281.328
1170.9
1145.924
1137.061
1163.648
1152.369
1158.814
1222.463
1295.024
1275.688
1274.076
1275.688
1271.659
1260.38
1170.094
1120.948
1130.616
1125.782
1121.753
1081.469
1079.858
1137.061
1139.478
1124.976
1106.445
1100.806
1114.502
1100.0
1072.607
1075.83
1099.194
1079.052
1057.299
1042.797
1058.911
1088.72
1066.967
1050.048
1083.886
1100.0
1109.668
1066.967
1094.36
1134.644
1137.061
1124.976
1083.886
1087.109
1148.341
1165.26
1169.288
1216.017
1232.131
1451.376
1936.494
1995.308
2002.559
1933.271
1804.312
1942.133
1582.701
1142.701
976.6812
631.8013
585.0217
636.6354
666.4454
989.5719
1098.389
1264.408
1635.875
1796.255
1919.574
1822.037
1639.098
1586.729
1493.271
1388.482
1219.24
1091.943
1112.085
1219.24
1289.384
1259.574
1352.227
1303.081
1224.88
1207.961
1132.227
1124.17
1078.247
964.596
1087.915
1208.766
1390.9
1552.085
1548.862
1621.373
1690.712
1666.542
1586.729
1373.175
1214.406
1083.886
958.9562
900.1419
891.2795
933.9803
979.9039
1099.194
1237.821
1353.033
1477.157
1483.603
1477.157
1458.627
1444.93
1455.404
1359.478
1266.825
1254.74
1257.963
1288.579
1242.655
1207.155
1224.074
1239.432
1266.02
1278.911
1256.352
1273.271
1311.138
1351.421
1400.568
1433.6
1465.072
1465.878
1419.904
1415.875
1403.79
1349.81
1254.74
1184.596
1186.207
1215.212
1213.6
1207.155
1247.489
1308.721
1368.34
1380.426
1353.838
1353.838
1349.81
1305.498
