1290.19
1320.0
1303.081
1293.413
1286.162
1277.299
1249.1
1220.046
1187.819
1148.341
1116.919
1083.081
1050.854
1016.965
1000.046
1000.046
976.6812
973.4584
971.8471
980.7095
981.5152
993.6003
994.4061
1005.686
1018.576
1021.799
1030.661
1041.991
1048.437
1043.603
1032.323
1029.05
1016.965
1001.657
989.5719
988.7663
979.9039
993.6003
991.1833
1032.323
1079.858
1138.672
1207.961
1301.469
1463.461
1593.175
1707.631
1771.279
1892.987
1995.308
2067.869
2029.952
1954.218
1913.934
1824.454
1726.967
1532.749
1373.98
1228.908
1127.393
1026.633
918.6724
896.9192
879.1943
905.7816
924.3123
996.8231
1068.579
1127.393
1181.373
1214.406
1296.635
1322.417
1341.753
1307.109
1309.526
1339.336
1345.782
1354.644
1328.057
1376.397
1415.875
1470.712
1494.882
1525.498
1557.725
1558.53
1555.308
1515.83
1469.1
1400.568
1302.275
1199.904
1098.389
1019.382
933.1746
854.2184
802.6047
809.0501
854.2184
896.9192
955.7336
1041.186
1162.843
1295.024
1401.373
1483.603
1553.697
1612.511
1655.262
1646.349
1623.79
1580.284
1535.166
1467.489
1394.928
1328.057
1287.773
1233.742
1186.207
1170.9
1183.79
1202.321
1211.989
1218.434
1282.939
1307.109
1328.862
1340.948
1403.79
1407.819
1400.568
1378.814
1373.98
1415.07
1382.037
1367.535
1306.303
1333.697
1348.199
1334.502
1289.384
1262.797
1308.721
1282.133
1267.631
1214.406
1239.432
1222.463
1201.515
1163.648
1137.867
1134.644
1100.0
1079.858
1033.129
1032.323
1023.41
999.2401
972.6528
960.5676
984.7379
980.7095
967.0131
956.5392
977.4868
1009.714
1008.908
1015.354
1022.605
1046.02
1066.161
1051.659
1050.854
1041.991
1032.323
1008.908
988.7663
995.2117
988.7663
1003.268
996.0174
1031.517
1080.664
1151.563
1248.295
1350.616
1514.218
1642.321
1753.554
1853.458
1948.579
2067.869
2063.841
2016.255
1940.522
1872.845
1776.919
1606.871
1436.823
1268.437
1166.871
1062.133
950.0938
880.8056
850.9957
890.4738
909.0043
966.2073
1020.993
1096.777
1183.79
1206.349
1270.854
1311.943
1352.227
1340.948
1317.583
1323.223
1326.445
1349.004
1325.64
1329.668
1365.118
1416.681
1473.935
1486.02
1528.72
1551.28
1577.867
1552.891
1505.356
1456.21
1371.563
1285.356
1158.009
1062.133
972.6528
893.6965
828.4366
783.2685
802.6047
849.3843
911.4214
982.3209
1075.83
1218.434
1344.17
1442.463
1520.664
1594.786
1654.456
1677.015
1653.651
1611.705
1563.365
1490.048
1369.952
1301.469
1260.38
1212.795
1179.762
1165.26
1172.511
1203.127
1215.212
1233.742
1291.801
1312.749
1365.118
1369.952
1379.62
1407.013
1398.956
1407.819
1375.592
1367.535
1361.089
1349.004
1316.777
1306.303
1310.332
1311.138
1324.028
1286.967
1306.303
1290.996
1296.635
1268.437
1249.906
1242.655
1212.795
1181.373
1137.867
1113.697
1093.555
1066.161
1027.439
1000.046
1003.268
983.9323
981.5152
964.596
975.0698
981.5152
988.7663
991.1833
986.3493
1000.046
1005.686
1018.576
1010.52
1017.771
1035.546
1022.605
1026.633
1011.325
1006.491
994.4061
992.7947
988.7663
983.9323
1006.491
1033.129
1067.773
1104.834
1169.288
1279.716
1413.458
1548.862
1656.873
1755.166
1875.262
1981.611
2063.841
2041.231
1995.308
1927.631
1868.011
1761.611
1585.118
1428.766
1272.465
1149.952
1045.214
939.6201
899.3362
854.2184
874.3603
904.1703
962.179
1030.661
1094.36
1149.952
1208.766
1279.716
1329.668
1350.616
1337.725
1331.279
1349.004
1347.393
1357.061
1337.725
1344.976
1385.26
1417.487
1458.627
1485.214
1519.858
1540.0
1549.668
1536.777
1494.076
1442.463
1353.033
1257.157
1154.786
1071.801
982.3209
888.0568
823.5523
800.9933
829.2424
860.6637
917.0611
993.6003
1100.0
1229.714
1349.81
1440.851
1523.081
1591.563
1653.651
1656.873
1654.456
1601.231
1563.365
1494.882
1426.349
1358.672
1299.052
1238.627
1193.458
1165.26
1170.9
1180.568
1197.487
1237.821
1267.631
1309.526
1357.061
1380.426
1411.847
1411.042
1411.847
1411.042
1387.677
1375.592
1336.919
1320.806
1297.441
1286.967
1283.745
1281.328
1281.328
1286.967
1312.749
1295.83
1327.251
1302.275
1301.469
1286.967
1255.546
1228.102
1178.151
1142.701
1097.583
1067.773
1027.439
1002.463
980.7095
957.3449
955.7336
953.3165
965.4017
966.2073
978.2925
985.5436
996.0174
1004.074
1008.908
1009.714
1017.771
1023.41
1012.937
1006.491
1005.686
1003.268
979.9039
980.7095
970.2357
975.8755
979.9039
983.9323
1008.908
1037.157
1103.223
1138.672
1232.131
1332.891
1480.38
1624.596
1714.882
1818.009
1887.347
2025.923
2069.48
2032.369
1959.858
1898.627
1830.094
1697.963
1531.943
1351.421
1229.714
1112.085
1007.297
929.9519
863.8865
878.3887
890.4738
926.7292
984.7379
1050.048
1132.227
1173.317
1224.88
1277.299
1337.725
1344.976
1324.834
1322.417
1343.365
1361.895
1358.672
1348.199
1372.369
1413.458
1462.655
1480.38
1503.745
