0,1039.574
1,756.6812
2,1215.212
3,1483.603
4,1623.79
5,1831.705
6,1628.624
7,1376.397
8,923.5065
9,765.5436
10,621.3275
11,657.5829
12,756.6812
13,896.9192
14,952.5109
15,1216.823
16,1598.814
17,1805.118
18,2009.004
19,1361.895
20,1597.203
21,982.3209
22,1139.478
23,734.1222
24,1276.493
25,1378.009
26,1710.048
27,1818.009
28,1635.875
29,1438.434
30,933.1746
31,755.0698
32,617.2488
33,636.6354
34,749.4301
35,949.2881
36,1010.52
37,1233.742
38,1713.271
39,1822.843
40,1979.194
41,1358.672
42,1544.834
43,925.9235
44,1055.688
45,809.8558
46,1185.402
47,1368.34
48,1684.266
49,2003.365
50,1633.458
51,1371.563
52,966.2073
53,758.2925
54,560.0457
55,618.9105
56,751.8471
57,929.1462
58,1104.028
59,1246.683
60,1614.122
61,1772.891
62,1923.603
63,1312.749
64,1575.45
65,957.3449
66,1041.186
67,956.5392
68,1193.458
69,1522.275
70,1647.155
71,1888.959
72,1570.616
73,1390.094
74,967.8187
75,809.8558
76,609.192
77,686.5873
78,746.2073
79,973.4584
80,1089.526
81,1260.38
82,1623.79
83,1751.943
84,1910.712
85,1329.668
86,1605.26
87,991.1833
88,1101.611
89,862.2751
90,1240.238
91,1385.26
92,1677.821
93,1811.563
94,1596.397
95,1303.886
96,1042.797
97,846.1616
98,657.5829
99,674.5022
100,766.3492
101,866.3035
102,1095.166
103,1301.469
104,1541.611
105,1801.089
106,1906.683
107,1414.264
108,1627.819
109,1092.749
110,1108.862
111,792.9366
112,1254.74
113,1444.93
114,1635.07
115,1871.234
116,1616.539
117,1297.441
118,979.9039
119,799.382
120,593.0785
121,725.2598
122,802.6047
123,946.8711
124,1543.223
125,1571.421
126,1594.786
127,1820.426
128,1691.518
129,1494.076
130,1313.555
131,1322.417
132,1029.05
133,846.9673
134,1122.559
135,1281.328
136,1706.02
137,1804.312
138,1718.91
139,1341.753
140,1036.352
141,752.6528
142,655.9716
143,699.4781
144,839.7162
145,964.596
146,1382.037
147,1859.149
148,1750.332
149,1770.474
150,1570.616
151,1571.421
152,1084.692
153,1378.009
154,971.8471
155,1016.159
156,1035.546
157,1312.749
158,1721.327
159,1680.238
160,1767.251
161,1454.598
162,1061.328
163,740.5676
164,679.3362
165,680.9476
166,840.5218
167,982.3209
168,1334.502
169,1855.875
170,1881.707
171,1755.166
172,1623.79
173,1570.616
174,1108.057
175,1358.672
176,964.596
177,955.7336
178,1070.996
179,1245.072
180,1572.227
181,1608.482
182,1844.596
183,1454.598
184,1083.081
185,818.7183
186,659.9999
187,635.8297
188,774.406
189,991.1833
190,1064.55
191,1633.458
192,2013.838
193,1925.214
194,1637.487
195,1469.1
196,1244.266
197,869.5262
198,982.3209
199,1033.129
200,1032.323
201,1313.555
202,1486.02
203,1794.644
204,1689.906
205,1560.948
206,1151.563
207,936.3974
208,755.0698
209,655.166
210,759.0981
211,914.644
212,1029.856
213,1279.716
214,1951.801
215,1916.352
216,1655.262
217,1366.729
218,1280.522
219,817.1069
220,1020.188
221,1000.851
222,1044.408
223,1339.336
224,1606.066
225,1884.125
226,1654.456
227,1619.762
228,1249.906
229,965.4017
230,752.6528
231,696.2554
232,771.1833
233,834.0765
234,1012.131
235,1058.911
236,1681.849
237,1981.611
238,1873.651
239,1328.862
240,1364.312
241,866.3035
242,997.6287
243,813.0785
244,1245.072
245,1138.672
246,1682.655
247,1961.469
248,1734.218
249,1550.474
250,1277.299
251,975.8755
252,695.4498
253,763.9323
254,709.952
255,719.6201
256,938.0087
257,1032.323
258,1325.64
259,1914.74
260,1880.902
261,1598.009
262,1420.709
263,1120.948
264,962.179
265,853.4126
266,1138.672
267,1103.223
268,1617.345
269,1778.531
270,1847.819
271,1525.498
272,1302.275
273,933.9803
274,713.9803
275,671.2795
276,716.3973
277,760.7095
278,965.4017
279,1004.074
280,1234.548
281,1859.149
282,1840.568
283,1603.648
284,1444.125
285,1137.061
286,952.5109
287,892.8908
288,1095.972
289,1124.976
290,1676.21
291,1876.068
292,1799.478
293,1604.454
294,1354.644
295,926.7292
296,740.5676
297,735.7336
298,717.203
299,796.965
300,904.1703
301,928.3406
302,1183.79
303,1618.151
304,1726.162
305,1872.845
306,1481.186
307,1549.668
308,1016.965
309,1057.299
310,1062.939
311,1155.592
312,1451.376
313,1668.958
314,2010.616
315,1679.432
316,1216.017
317,941.2314
318,736.5392
319,554.4061
320,677.7249
321,834.0765
322,942.037
323,1293.413
324,1415.875
325,1537.583
326,1826.065
327,1834.928
328,1411.847
329,1574.644
330,1070.19
331,1070.996
332,943.6484
333,1189.43
334,1365.118
335,1703.603
336,1897.821
337,1624.596
338,1286.162
339,938.8143
340,720.4257
341,651.1376
342,705.1179
343,861.4694
344,949.2881
345,1379.62
346,1464.266
347,1573.033
348,1863.983
349,1742.275
350,1466.683
351,1382.037
352,1177.345
353,1087.915
354,819.5239
355,1240.238
356,1228.102
357,1582.701
358,1804.312
359,1669.764
360,1306.303
361,996.8231
362,747.0131
363,597.9125
364,674.5022
365,829.2424
366,942.8427
367,1381.231
368,1710.854
369,1735.83
370,1810.758
371,1639.904
372,1519.858
373,1114.502
374,1293.413
375,971.0414
376,933.9803
377,1054.076
378,1279.716
379,1627.819
380,1647.155
381,1706.02
382,1405.402
383,1071.801
384,771.1833
385,630.9957
386,691.4214
387,829.2424
388,936.3974
389,1275.688
390,1851.041
391,1935.688
392,1772.085
393,1617.345
394,1531.138
395,1036.352
396,1205.543
397,944.4542
398,1065.356
399,1000.046
400,1349.81
401,1491.659
402,1535.972
403,1747.915
404,1467.489
405,1092.749
406,861.4694
407,755.8755
408,675.3079
409,760.7095
410,1001.657
411,1168.483
412,1839.762
413,1982.417
414,1784.17
415,1608.482
416,1455.404
417,1061.328
418,1066.967
419,946.8711
420,1095.166
421,998.4344
422,1384.454
423,1521.469
424,1622.179
425,1713.271
426,1470.712
427,1211.183
428,946.0654
429,827.631
430,695.4498
431,751.8471
432,884.834
433,1005.686
434,1210.378
435,1814.786
436,1936.494
437,1780.948
438,1434.406
439,1268.437
440,844.5502
441,1008.103
442,986.3493
443,1086.303
444,1363.507
445,1597.203
446,1928.437
447,1849.43
448,1635.07
449,1164.454
450,957.3449
451,730.0938
452,647.9149
453,764.7379
454,850.9957
455,946.8711
456,1129.81
457,1339.336
458,1607.677
459,1811.563
460,1916.352
461,1422.321
462,1619.762
463,1020.993
464,1025.022
465,979.9039
466,1093.555
467,1362.701
468,1348.199
469,1685.072
470,1638.293
471,1427.155
472,1017.771
473,842.9389
474,667.2511
475,606.775
476,796.1593
477,1025.827
478,1122.559
479,1799.478
480,2030.758
481,1730.996
482,1618.151
483,1541.611
484,1129.004
485,1149.952
486,926.7292
487,1153.98
488,838.1049
489,1341.753
490,1420.709
491,1802.701
492,1979.194
493,1598.814
494,1261.991
495,1008.103
496,831.6594
497,689.8101
498,763.1265
499,910.6157
500,975.0698
501,1455.404
502,1453.793
503,1477.157
504,1780.142
505,1769.668
506,1531.138
507,1598.009
508,1233.742
509,1112.085
510,851.8013
511,1198.292
512,1200.71
513,1593.175
514,1797.061
515,1562.559
516,1364.312
517,1191.847
518,870.3319
519,722.8428
520,831.6594
521,905.7816
522,886.4454
523,989.5719
524,976.6812
525,1175.733
526,1622.179
527,1767.251
528,1873.651
529,1453.793
530,1531.943
531,979.0982
532,942.037
533,1006.491
534,1058.105
535,1398.151
536,1491.659
537,1735.024
538,1664.93
539,1388.482
540,1164.454
541,928.3406
542,767.1549
543,605.9693
544,602.7466
545,767.9607
546,933.9803
547,1024.216
548,1715.688
549,2025.923
550,1896.21
551,1556.919
552,1471.517
553,954.1222
554,963.7903
555,929.9519
556,1053.271
557,1230.52
558,1428.766
559,1705.214
560,1764.834
561,1651.234
562,1320.806
563,1083.886
564,827.631
565,671.2795
566,739.762
567,844.5502
568,859.8581
569,1283.745
570,1628.624
571,1705.214
572,1892.181
573,1752.749
574,1677.015
575,1290.996
576,1336.113
577,1084.692
578,782.4628
579,1129.004
580,1131.421
581,1561.753
582,1784.976
583,1753.554
584,1520.664
585,1160.426
586,938.8143
587,809.0501
588,785.6855
589,783.2685
590,950.0938
591,886.4454
592,1143.506
593,1329.668
594,1461.849
595,1857.537
596,1971.943
597,1505.356
598,1699.574
599,1050.854
600,1086.303
601,867.9149
602,1065.356
603,1276.493
604,1556.919
605,1932.465
606,1652.845
607,1364.312
608,1213.6
609,916.2555
610,684.1702
611,643.0808
612,699.4781
613,689.8101
614,850.9957
615,936.3974
616,1451.376
617,2036.397
618,2000.948
619,1613.317
620,1631.847
621,1050.854
622,987.9606
623,765.5436
624,1105.64
625,1117.725
626,1455.404
627,1822.843
628,1791.421
629,1664.125
630,1448.153
631,1141.089
632,772.7947
633,693.8384
634,656.7773
635,601.1353
636,723.6484
637,949.2881
638,1556.919
639,1968.721
640,1863.983
641,1852.653
642,1676.21
643,1259.574
644,1170.094
645,942.8427
646,1058.105
647,864.6921
648,1320.0
649,1475.546
650,1677.015
651,1917.963
652,1610.899
653,1217.629
654,951.7052
655,868.7205
656,683.3646
657,719.6201
658,922.7008
659,904.1703
660,1257.157
661,1298.247
662,1481.991
663,1889.764
664,1925.214
665,1513.413
666,1653.651
667,1087.109
668,1075.83
669,834.8821
670,1066.161
671,1271.659
672,1614.928
673,2018.672
674,1593.98
675,1407.013
676,1187.013
677,890.4738
678,701.0894
679,805.8274
680,828.4366
681,881.6113
682,899.3362
683,846.1616
684,1206.349
685,1677.015
686,1775.308
687,1984.834
688,1529.526
689,1431.989
690,955.7336
691,901.7532
692,965.4017
693,983.1266
694,1392.511
695,1579.478
696,1848.625
697,1673.793
698,1407.013
699,1151.563
700,929.1462
701,722.8428
702,658.3887
703,724.454
704,760.7095
705,841.3275
706,1036.352
707,1685.072
708,2010.616
709,1985.64
710,1564.17
711,1632.653
712,998.4344
713,1014.548
714,799.382
715,1058.105
716,1176.539
717,1471.517
718,1723.745
719,1774.502
720,1735.024
721,1397.345
722,1105.64
723,797.7706
724,748.6244
725,636.6354
726,654.3603
727,781.6571
728,947.6768
729,1736.635
730,1980.0
731,1864.788
732,1838.151
733,1751.137
734,1205.543
735,1166.871
736,929.1462
737,1049.242
738,846.1616
739,1325.64
740,1477.157
741,1618.956
742,2018.672
743,1610.094
744,1172.511
745,1014.548
746,831.6594
747,614.8317
748,751.8471
749,839.7162
750,877.5829
751,1166.065
752,1313.555
753,1517.441
754,1922.797
755,1911.517
756,1564.17
757,1600.426
758,1151.563
759,1071.801
760,765.5436
761,1104.028
762,1174.928
763,1613.317
764,1959.052
765,1644.738
766,1426.349
767,1208.766
768,901.7532
769,726.0654
770,769.572
771,808.2444
772,821.9409
773,958.1506
774,975.0698
775,1351.421
776,1950.19
777,1894.598
778,1672.181
779,1576.255
780,1229.714
781,1011.325
782,784.0742
783,1128.199
784,1053.271
785,1465.878
786,1820.426
787,1750.332
788,1639.904
789,1466.683
790,1145.118
791,760.7095
792,675.3079
793,639.0524
794,597.9125
795,796.1593
796,1008.103
797,1813.98
798,1912.323
799,1830.094
800,1777.725
801,1738.247
802,1190.236
803,1338.531
804,949.2881
805,1056.493
806,816.3012
807,1245.878
808,1458.627
809,1611.705
810,1821.231
811,1613.317
812,1321.611
813,958.1506
814,826.8254
815,751.0414
816,712.3689
817,823.5523
818,827.631
819,1057.299
820,1225.685
821,1495.688
822,1877.679
823,1951.801
824,1511.801
825,1686.683
826,1108.862
827,1070.996
828,828.4366
829,1143.506
830,1207.961
831,1455.404
832,1763.223
833,1519.052
834,1289.384
835,1156.397
836,943.6484
837,761.5152
838,763.1265
839,817.9125
840,812.2728
841,1003.268
842,1828.483
843,2036.397
844,1826.065
845,1797.867
846,1650.428
847,1117.725
848,1127.393
849,909.81
850,1094.36
851,779.2401
852,1321.611
853,1455.404
854,1783.365
855,1831.705
856,1663.319
857,1394.122
858,928.3406
859,803.4104
860,605.1636
861,629.3843
862,761.5152
863,826.0197
864,1144.312
865,1261.991
866,1446.542
867,1901.849
868,1857.537
869,1598.009
870,1674.598
871,1234.548
872,1153.175
873,796.1593
874,1154.786
875,1173.317
876,1578.672
877,1848.625
878,1573.033
879,1435.212
880,1175.733
881,928.3406
882,755.0698
883,834.0765
884,838.1049
885,838.9105
886,961.3733
887,1176.539
888,1790.616
889,1920.38
890,1868.817
891,1477.963
892,1361.089
893,888.8624
894,986.3493
895,857.441
896,1124.976
897,1211.989
898,1471.517
899,1692.323
900,1576.255
901,1765.64
902,1534.36
903,1046.02
904,861.4694
905,765.5436
906,613.2204
907,680.9476
908,874.3603
909,1118.531
910,1775.308
911,1900.238
912,1775.308
913,1712.465
914,1710.048
915,1148.341
916,1332.085
917,981.5152
918,1029.856
919,907.393
920,1201.515
921,1461.044
922,1543.223
923,1814.786
924,1620.568
925,1223.269
926,983.1266
927,826.0197
928,742.9847
929,734.9279
930,889.6681
931,884.834
932,873.5546
933,1158.009
934,1496.493
935,1781.753
936,1948.579
937,1549.668
938,1496.493
939,1041.186
940,905.7816
941,1079.858
942,1016.965
943,1407.819
944,1676.21
945,1855.875
946,1696.352
947,1404.596
948,1211.183
949,904.976
950,772.7947
951,714.786
952,694.6441
953,800.1877
954,925.9235
955,1266.825
956,1941.327
957,1921.991
958,1824.454
959,1622.179
960,1270.854
961,999.2401
962,987.155
963,1015.354
964,905.7816
965,1319.194
966,1477.963
967,1662.513
968,1638.293
969,1647.961
970,1436.823
971,987.9606
972,902.5589
973,788.1025
974,756.6812
975,813.8842
976,830.048
977,1302.275
978,1361.895
979,1555.308
980,1880.096
981,1738.247
982,1625.402
983,1514.218
984,1290.996
985,1080.664
986,777.6287
987,1168.483
988,1098.389
989,1489.242
990,1710.048
991,1800.284
992,1420.709
993,1098.389
994,1058.105
995,800.9933
996,806.6331
997,871.9432
998,882.4171
999,925.1179
1000,958.9562
1001,1228.908
1002,1439.24
1003,1797.061
1004,1962.275
1005,1466.683
1006,1617.345
1007,1027.439
1008,930.7576
1009,951.7052
1010,1014.548
1011,1374.786
1012,1670.57
1013,1880.096
1014,1811.563
1015,1533.555
1016,1166.871
1017,850.19
1018,714.786
1019,710.7576
1020,692.227
1021,699.4781
1022,825.214
1023,1304.692
1024,1946.967
1025,1876.068
1026,1851.041
1027,1699.574
1028,1311.138
1029,1031.517
1030,997.6287
1031,1070.19
1032,881.6113
1033,1361.089
1034,1472.323
1035,1603.648
1036,1701.186
1037,1606.066
1038,1316.777
1039,1058.105
1040,953.3165
1041,792.9366
1042,741.3733
1043,809.8558
1044,814.6899
1045,1198.292
1046,1642.321
1047,1708.437
1048,1847.819
1049,1696.352
1050,1665.736
1051,1283.745
1052,1286.162
1053,1049.242
1054,745.4017
1055,1129.004
1056,1083.081
1057,1476.351
1058,1667.347
1059,1693.935
1060,1573.838
1061,1333.697
1062,958.1506
1063,777.6287
1064,724.454
1065,698.6725
1066,813.0785
1067,849.3843
1068,857.441
1069,1189.43
1070,1576.255
1071,1842.985
1072,2067.869
1073,1552.085
1074,1664.93
1075,1100.0
1076,929.1462
1077,993.6003
1078,954.1222
1079,1388.482
1080,1544.028
1081,1795.45
1082,1804.312
1083,1459.432
1084,1164.454
1085,935.5917
1086,821.1352
1087,685.7817
1088,714.786
1089,767.1549
1090,799.382
1091,838.1049
1092,1214.406
1093,1987.251
1094,1984.834
1095,1650.428
1096,1739.858
1097,1033.934
1098,1020.188
1099,801.799
1100,1104.028
1101,1108.057
1102,1415.07
1103,1768.057
1104,1704.408
1105,1687.489
1106,1524.692
1107,1196.681
1108,900.9476
1109,827.631
1110,781.6571
1111,553.6003
1112,656.7773
1113,987.9606
1114,1589.952
1115,2024.312
1116,1942.133
1117,1801.895
1118,1583.507
1119,1196.681
1120,1100.806
1121,925.9235
1122,1064.55
1123,858.2468
1124,1305.498
1125,1368.34
1126,1598.009
1127,1741.469
1128,1614.122
1129,1356.255
1130,1089.526
1131,944.4542
1132,767.9607
1133,766.3492
1134,826.0197
1135,800.1877
1136,1311.138
1137,1529.526
1138,1594.786
1139,1812.369
1140,1735.83
1141,1586.729
1142,1378.009
1143,1315.166
1144,1146.729
1145,775.2117
1146,1153.98
1147,1154.786
1148,1401.373
1149,1709.242
1150,1652.845
1151,1507.773
1152,1269.242
1153,973.4584
1154,709.1462
1155,599.5239
1156,642.2751
1157,738.9563
1158,878.3887
1159,1314.36
1160,1942.939
1161,1913.129
1162,1889.764
1163,1563.365
1164,1394.122
1165,949.2881
1166,986.3493
1167,893.6965
1168,991.989
1169,1252.323
1170,1440.046
1171,1774.502
1172,1744.692
1173,1716.494
1174,1419.904
1175,1092.749
1176,850.19
1177,679.3362
1178,697.8668
1179,754.2641
1180,835.6878
1181,900.1419
1182,1145.924
1183,1457.015
1184,1847.819
1185,1944.55
1186,1515.83
1187,1718.105
1188,1112.085
1189,1089.526
1190,938.0087
1191,1099.194
1192,1285.356
1193,1456.21
1194,1865.594
1195,1684.266
1196,1437.629
1197,1141.089
1198,924.3123
1199,717.203
1200,735.7336
1201,811.4672
1202,862.2751
1203,1172.511
1204,1849.43
1205,1987.251
1206,1749.526
1207,1663.319
1208,1641.515
1209,1034.74
1210,1320.806
1211,940.4258
1212,1098.389
1213,925.1179
1214,1262.797
1215,1479.574
1216,1554.502
1217,1858.343
1218,1601.231
1219,1275.688
1220,1004.074
1221,850.19
1222,730.0938
1223,713.9803
1224,838.9105
1225,830.8538
1226,843.7446
1227,1268.437
1228,1966.303
1229,1837.345
1230,1660.902
1231,1686.683
1232,1161.231
1233,1013.742
1234,838.1049
1235,1160.426
1236,1087.915
1237,1453.793
1238,1702.797
1239,1601.231
1240,1626.207
1241,1448.958
1242,1184.596
1243,842.1332
1244,838.1049
1245,722.037
1246,699.4781
1247,853.4126
1248,1322.417
1249,1436.017
1250,1558.53
1251,1872.039
1252,1652.845
1253,1614.122
1254,1408.624
1255,1382.037
1256,1044.408
1257,817.1069
1258,1159.62
1259,1075.83
1260,1531.138
1261,1754.36
1262,1686.683
1263,1536.777
1264,1188.624
1265,909.0043
1266,747.8187
1267,745.4017
1268,750.2357
1269,885.6397
1270,954.1222
1271,1519.858
1272,2006.587
1273,1834.122
1274,1770.474
1275,1603.648
1276,1162.037
1277,1050.854
1278,974.2641
1279,1153.98
1280,867.9149
1281,1394.928
1282,1448.153
1283,1682.655
1284,1822.037
1285,1571.421
1286,1328.862
1287,1004.074
1288,802.6047
1289,681.7533
1290,713.1746
1291,819.5239
1292,846.1616
1293,1042.797
1294,1622.985
1295,2037.203
1296,1897.821
1297,1518.247
1298,1477.157
1299,880.8056
1300,971.0414
1301,891.2795
1302,1092.749
1303,1299.858
1304,1504.55
1305,1837.345
1306,1669.764
1307,1631.847
1308,1375.592
1309,1014.548
1310,730.0938
1311,673.6965
1312,696.2554
1313,722.037
1314,912.2271
1315,810.6615
1316,1131.421
1317,1746.304
1318,1801.089
1319,1894.598
1320,1489.242
1321,1465.878
1322,994.4061
1323,971.8471
1324,1029.05
1325,1043.603
1326,1389.288
1327,1325.64
1328,1622.179
1329,1728.579
1330,1407.819
1331,1020.993
1332,937.203
1333,800.9933
1334,600.3296
1335,771.1833
1336,907.393
1337,1334.502
1338,1455.404
1339,1658.485
1340,1936.494
1341,1644.738
1342,1608.482
1343,1411.847
1344,1276.493
1345,1093.555
1346,797.7706
1347,1205.543
1348,1100.806
1349,1634.264
1350,1789.81
1351,1571.421
1352,1479.574
1353,1279.716
1354,867.1092
1355,717.203
1356,860.6637
1357,765.5436
1358,767.9607
1359,1070.19
1360,1627.819
1361,1960.664
1362,1809.952
1363,1772.891
1364,1568.199
1365,1149.146
1366,1084.692
1367,948.4825
1368,1159.62
1369,909.81
1370,1411.042
1371,1475.546
1372,1637.487
1373,1995.308
1374,1583.507
1375,1123.365
1376,888.8624
1377,801.799
1378,635.8297
1379,712.3689
1380,961.3733
1381,1000.046
1382,1457.821
1383,1981.611
1384,1904.266
1385,1737.441
1386,1479.574
1387,1253.129
1388,914.644
1389,964.596
1390,1097.583
1391,942.8427
1392,1396.539
1393,1468.295
1394,1622.179
1395,1838.956
1396,1573.838
1397,1245.072
1398,998.4344
1399,751.0414
1400,598.7182
1401,637.441
1402,769.572
1403,948.4825
1404,1014.548
1405,1423.932
1406,2047.677
1407,1909.1
1408,1507.773
1409,1576.255
1410,953.3165
1411,959.762
1412,810.6615
1413,1125.782
1414,1195.875
1415,1486.02
1416,1654.456
1417,1476.351
1418,1614.122
1419,1361.895
1420,1075.024
1421,865.4978
1422,864.6921
1423,755.8755
1424,735.7336
1425,950.0938
1426,959.762
1427,1158.009
1428,1439.24
1429,1767.251
1430,1898.627
1431,1434.406
1432,1555.308
1433,1046.02
1434,962.179
1435,1060.522
1436,1000.046
1437,1405.402
1438,1602.843
1439,1786.587
1440,1451.376
1441,1322.417
1442,1158.814
1443,940.4258
1444,915.4498
1445,863.0808
1446,817.1069
1447,939.6201
1448,1571.421
1449,1516.635
1450,1506.967
1451,1732.607
1452,1561.753
1453,1402.985
1454,1263.603
1455,1390.9
1456,1030.661
1457,975.0698
1458,1178.151
1459,1159.62
1460,1488.437
1461,1792.227
1462,1880.902
1463,1506.162
1464,1201.515
1465,931.5632
1466,762.3209
1467,847.7729
1468,863.0808
1469,945.2598
1470,1001.657
1471,1675.404
1472,1958.247
1473,1685.878
1474,1641.515
1475,1535.972
1476,1071.801
1477,1107.251
1478,1022.605
1479,1156.397
1480,973.4584
1481,1299.858
1482,1509.384
1483,1660.902
1484,1895.404
1485,1533.555
1486,1270.854
1487,975.0698
1488,790.5195
1489,713.9803
1490,722.037
1491,770.3776
1492,820.3296
1493,1016.965
1494,1656.873
1495,2015.45
1496,1889.764
1497,1478.769
1498,1520.664
1499,878.3887
1500,1043.603
1501,859.8581
1502,1146.729
1503,1231.325
1504,1492.465
1505,1789.004
1506,1687.489
1507,1600.426
1508,1306.303
1509,1055.688
1510,705.1179
1511,686.5873
1512,715.5917
1513,736.5392
1514,892.0851
1515,849.3843
1516,1145.924
1517,1798.672
1518,1834.122
1519,1812.369
1520,1566.587
1521,1380.426
1522,1039.574
1523,866.3035
1524,1112.085
1525,1009.714
1526,1418.292
1527,1447.347
1528,1542.417
1529,1685.878
1530,1411.042
1531,1030.661
1532,878.3887
1533,771.1833
1534,709.1462
1535,787.2969
1536,920.2839
1537,875.166
1538,1124.17
1539,1480.38
1540,1801.895
1541,1909.1
1542,1468.295
1543,1594.786
1544,1040.38
1545,944.4542
1546,1058.105
1547,984.7379
1548,1373.175
1549,1635.875
1550,1750.332
1551,1494.882
1552,1382.037
1553,1187.819
1554,889.6681
1555,850.19
1556,767.9607
1557,767.9607
1558,896.9192
1559,1378.009
1560,1297.441
1561,1392.511
1562,1897.015
1563,1730.996
1564,1500.522
1565,1529.526
1566,1258.769
1567,1108.057
1568,827.631
1569,1157.203
1570,1141.089
1571,1510.996
1572,1867.205
1573,1637.487
1574,1532.749
1575,1290.996
1576,883.2227
1577,713.1746
1578,816.3012
1579,800.1877
1580,838.9105
1581,1121.753
1582,1828.483
1583,1869.622
1584,1697.963
1585,1741.469
1586,1585.118
1587,1071.801
1588,1239.432
1589,991.989
1590,1066.967
1591,951.7052
1592,1265.214
1593,1473.129
1594,1520.664
1595,1932.465
1596,1596.397
1597,1204.738
1598,1064.55
1599,798.5763
1600,601.1353
1601,748.6244
1602,810.6615
1603,896.1135
1604,1038.769
1605,1650.428
1606,2019.478
1607,1914.74
1608,1531.943
1609,1479.574
1610,903.3646
1611,983.9323
1612,860.6637
1613,1062.939
1614,1204.738
1615,1469.906
1616,1710.854
1617,1591.563
1618,1785.782
1619,1480.38
1620,999.2401
1621,787.2969
1622,734.9279
1623,661.6113
1624,800.9933
1625,962.9847
1626,1290.996
1627,1382.843
1628,1465.878
1629,1933.271
1630,1711.659
1631,1504.55
1632,1452.987
1633,1220.851
1634,1086.303
1635,793.7422
1636,1144.312
1637,1099.194
1638,1625.402
1639,1911.517
1640,1518.247
1641,1502.939
1642,1261.991
1643,893.6965
1644,659.1943
1645,860.6637
1646,787.2969
1647,854.2184
1648,1069.384
1649,1622.985
1650,1954.218
1651,1751.137
1652,1783.365
1653,1605.26
1654,1137.867
1655,1226.491
1656,979.0982
1657,1068.579
1658,933.9803
1659,1181.373
1660,1431.183
1661,1510.996
1662,2084.788
1663,1606.871
1664,1146.729
1665,1076.635
1666,796.1593
1667,560.0457
1668,706.7292
1669,838.1049
1670,962.9847
1671,1077.441
1672,1526.303
1673,1963.081
1674,1866.4
1675,1516.635
1676,1530.332
1677,981.5152
1678,1042.797
1679,883.2227
1680,1118.531
1681,1166.871
1682,1469.906
1683,1686.683
1684,1527.915
1685,1643.932
1686,1393.317
1687,1100.0
1688,915.4498
1689,859.8581
1690,716.3973
1691,811.4672
1692,921.0895
1693,1346.587
1694,1356.255
1695,1455.404
1696,1827.677
1697,1652.039
1698,1512.607
1699,1585.924
1700,1192.653
1701,1093.555
1702,846.9673
1703,1170.9
1704,1121.753
1705,1442.463
1706,1809.952
1707,1671.376
1708,1533.555
1709,1166.871
1710,972.6528
1711,753.4584
1712,811.4672
1713,755.8755
1714,851.8013
1715,971.8471
1716,1056.493
1717,1554.502
1718,1941.327
1719,1897.821
1720,1474.74
1721,1484.408
1722,977.4868
1723,1020.188
1724,922.7008
1725,1013.742
1726,1253.129
1727,1358.672
1728,1678.627
1729,1571.421
1730,1627.013
1731,1413.458
1732,1186.207
1733,985.5436
1734,843.7446
1735,808.2444
1736,815.4955
1737,920.2839
1738,1228.102
1739,1558.53
1740,1548.057
1741,1747.915
1742,1647.961
1743,1569.004
1744,1459.432
1745,1276.493
1746,1129.81
1747,842.1332
1748,1201.515
1749,1121.753
1750,1402.985
1751,1677.015
1752,1736.635
1753,1544.028
1754,1193.458
1755,1025.827
1756,767.9607
1757,723.6484
1758,777.6287
1759,732.5109
1760,912.2271
1761,939.6201
1762,1296.635
1763,1934.882
1764,1904.266
1765,1697.157
1766,1630.236
1767,1195.07
1768,1038.769
1769,817.1069
1770,1102.417
1771,1116.114
1772,1409.43
1773,1657.679
1774,1664.125
1775,1701.186
1776,1402.985
1777,1198.292
1778,1025.827
1779,830.048
1780,736.5392
1781,765.5436
1782,871.1376
1783,1085.498
1784,1707.631
1785,1735.024
1786,1706.02
1787,1728.579
1788,1650.428
1789,1207.155
1790,1372.369
1791,1000.851
1792,879.1943
1793,1090.332
1794,1076.635
1795,1425.544
1796,1484.408
1797,1743.081
1798,1554.502
1799,1259.574
1800,1071.801
1801,850.19
1802,740.5676
1803,794.5479
1804,826.8254
1805,913.0327
1806,996.0174
1807,1211.989
1808,1454.598
1809,1811.563
1810,1884.125
1811,1467.489
1812,1710.048
1813,1055.688
1814,1073.413
1815,849.3843
1816,1029.05
1817,1194.264
1818,1374.786
1819,1665.736
1820,1713.271
1821,1577.867
1822,1226.491
1823,1104.834
1824,720.4257
1825,636.6354
1826,691.4214
1827,737.3449
1828,915.4498
1829,838.1049
1830,1066.161
1831,1618.956
1832,1870.428
1833,1970.332
1834,1639.904
1835,1641.515
1836,1084.692
1837,976.6812
1838,970.2357
1839,1025.022
1840,1326.445
1841,1392.511
1842,1740.664
1843,1821.231
1844,1541.611
1845,1112.891
1846,1054.882
1847,791.3253
1848,618.0544
1849,741.3733
1850,798.5763
1851,813.8842
1852,738.9563
1853,967.8187
1854,1710.854
1855,1851.041
1856,2024.312
1857,1698.769
1858,1535.166
1859,1063.745
1860,884.834
1861,1082.275
1862,922.7008
1863,1407.819
1864,1473.935
1865,1719.716
1866,1849.43
1867,1555.308
1868,1265.214
1869,1098.389
1870,749.4301
1871,652.7489
1872,734.9279
1873,737.3449
1874,847.7729
1875,802.6047
1876,1110.474
1877,1784.17
1878,1822.843
1879,1959.052
1880,1634.264
1881,1445.736
1882,1025.022
1883,957.3449
1884,1032.323
1885,931.5632
1886,1378.814
1887,1428.766
1888,1686.683
1889,1650.428
1890,1584.312
1891,1290.996
1892,1077.441
1893,832.465
1894,635.024
1895,695.4498
1896,764.7379
1897,802.6047
1898,880.0
1899,1129.81
1900,1797.061
1901,1870.428
1902,1937.299
1903,1672.181
1904,1483.603
1905,1067.773
1906,895.3079
1907,1009.714
1908,945.2598
1909,1381.231
1910,1431.183
1911,1673.793
1912,1868.817
1913,1551.28
1914,1212.795
1915,1085.498
1916,745.4017
1917,563.2685
1918,680.1418
1919,724.454
1920,805.8274
1921,858.2468
1922,1289.384
1923,2009.004
1924,1948.579
1925,1712.465
1926,1741.469
1927,1165.26
1928,1051.659
1929,821.9409
1930,1045.214
1931,983.9323
1932,1398.151
1933,1556.114
1934,1884.93
1935,2040.426
1936,1485.214
1937,1174.122
1938,1027.439
1939,804.2161
1940,624.5502
1941,755.8755
1942,813.8842
1943,765.5436
1944,960.5676
1945,1465.072
1946,1954.218
1947,1912.323
1948,1654.456
1949,1712.465
1950,1091.138
1951,1051.659
1952,809.8558
1953,1054.882
1954,954.9279
1955,1416.681
1956,1527.915
1957,1830.9
1958,2087.205
1959,1486.02
1960,1100.0
1961,1046.02
1962,777.6287
1963,572.9366
1964,771.1833
1965,863.0808
1966,802.6047
1967,933.1746
1968,1389.288
1969,1968.721
1970,1907.489
1971,1640.709
1972,1683.461
1973,1081.469
1974,1062.133
1975,784.8798
1976,1030.661
1977,1007.297
1978,1400.568
1979,1587.535
1980,1745.498
1981,2009.81
1982,1494.882
1983,1145.924
1984,986.3493
1985,818.7183
1986,632.607
1987,770.3776
1988,897.7249
1989,818.7183
1990,1019.382
1991,1606.871
1992,1945.356
1993,1920.38
1994,1628.624
1995,1669.764
1996,1050.048
1997,1043.603
1998,804.2161
1999,974.2641
2000,1009.714
2001,1364.312
2002,1583.507
2003,1657.679
2004,2078.343
2005,1496.493
2006,1087.915
2007,1091.943
2008,792.9366
2009,622.1332
2010,813.0785
2011,891.2795
2012,821.9409
2013,1112.085
2014,1714.882
2015,1884.93
2016,1853.458
2017,1619.762
2018,1442.463
2019,1032.323
2020,1053.271
2021,916.2555
2022,951.7052
2023,1142.701
2024,1337.725
2025,1606.066
2026,1514.218
2027,1897.015
2028,1535.166
2029,1233.742
2030,1053.271
2031,748.6244
2032,575.3536
2033,676.1135
2034,805.8274
2035,877.5829
2036,1198.292
2037,1851.041
2038,1917.963
2039,1839.762
2040,1682.655
2041,1357.867
2042,1107.251
2043,1055.688
2044,959.762
2045,855.8297
2046,1219.24
2047,1308.721
2048,1554.502
2049,1690.712
2050,1830.9
2051,1548.862
2052,1182.179
2053,1040.38
2054,751.0414
2055,678.5306
2056,813.0785
2057,839.7162
2058,925.9235
2059,1205.543
2060,1855.875
2061,1788.199
2062,1788.199
2063,1689.1
2064,1279.716
2065,1147.535
2066,1034.74
2067,1046.825
2068,835.6878
2069,1264.408
2070,1358.672
2071,1586.729
2072,1971.138
2073,1803.506
2074,1502.133
2075,1151.563
2076,976.6812
2077,755.0698
2078,812.2728
2079,805.8274
2080,801.799
2081,866.3035
2082,1420.709
2083,1868.817
2084,1741.469
2085,1818.814
2086,1677.015
2087,1336.113
2088,1071.801
2089,1050.854
2090,1005.686
2091,850.9957
2092,1300.664
2093,1344.976
2094,1682.655
2095,1806.729
2096,1607.677
2097,1477.157
2098,1134.644
2099,980.7095
2100,757.4868
2101,814.6899
2102,800.1877
2103,780.0458
2104,913.8384
2105,1395.734
2106,1884.93
2107,1789.004
2108,1829.288
2109,1639.904
2110,1284.55
2111,1087.109
2112,982.3209
2113,1010.52
2114,822.7466
2115,1306.303
2116,1346.587
2117,1703.603
2118,1910.712
2119,1764.834
2120,1522.275
2121,1189.43
2122,928.3406
2123,735.7336
2124,753.4584
2125,753.4584
2126,850.9957
2127,871.1376
2128,1284.55
2129,1833.317
2130,1874.456
2131,1867.205
2132,1639.904
2133,1420.709
2134,1037.963
2135,1010.52
2136,944.4542
2137,837.2991
2138,1246.683
2139,1329.668
2140,1822.037
2141,1826.065
2142,1668.153
2143,1501.328
2144,1186.207
2145,911.4214
2146,783.2685
2147,841.3275
2148,779.2401
2149,786.4911
2150,940.4258
2151,1569.81
2152,1946.161
2153,1764.028
2154,1829.288
2155,1668.153
2156,1260.38
2157,1162.037
2158,974.2641
2159,1029.856
2160,782.4628
2161,1261.186
2162,1380.426
2163,1518.247
2164,1776.919
2165,1618.151
2166,1386.871
2167,1116.919
2168,988.7663
2169,792.1309
2170,685.7817
2171,757.4868
2172,800.9933
2173,1052.465
2174,1760.0
2175,1857.537
2176,1768.862
2177,1872.039
2178,1703.603
2179,1243.461
2180,1270.048
2181,978.2925
2182,988.7663
2183,870.3319
2184,1197.487
2185,1408.624
2186,1380.426
2187,1717.299
2188,1688.295
2189,1358.672
2190,1072.607
2191,1005.686
2192,814.6899
2193,705.1179
2194,784.8798
2195,893.6965
2196,1310.332
2197,1488.437
2198,1613.317
2199,1934.076
2200,1802.701
2201,1652.845
2202,1515.024
2203,1313.555
2204,1016.965
2205,764.7379
2206,1108.057
2207,1032.323
2208,1468.295
2209,1557.725
2210,1586.729
2211,1652.039
2212,1474.74
2213,1001.657
2214,813.8842
2215,742.179
2216,631.8013
2217,685.7817
2218,850.19
2219,922.7008
2220,1175.733
2221,1530.332
2222,1964.692
2223,1987.251
2224,1555.308
2225,1739.858
2226,1042.797
2227,1027.439
2228,900.1419
2229,1038.769
2230,1324.028
2231,1448.958
2232,1790.616
2233,1816.397
2234,1502.939
2235,1133.033
2236,1090.332
2237,798.5763
2238,648.7205
2239,715.5917
2240,763.1265
2241,831.6594
2242,888.8624
2243,1208.766
2244,1964.692
2245,1886.542
2246,1675.404
2247,1722.133
2248,1078.247
2249,1035.546
2250,794.5479
2251,1016.965
2252,1074.218
2253,1380.426
2254,1789.81
2255,1718.105
2256,1624.596
2257,1473.129
2258,1266.02
2259,931.5632
2260,827.631
2261,845.3559
2262,749.4301
2263,776.8231
2264,819.5239
2265,988.7663
2266,1656.068
2267,1946.967
2268,1937.299
2269,1651.234
2270,1541.611
2271,967.8187
2272,1002.463
2273,860.6637
2274,884.834
2275,1151.563
2276,1365.924
2277,1897.821
2278,1619.762
2279,1415.07
2280,1470.712
2281,1328.862
2282,925.1179
2283,788.9082
2284,776.8231
2285,667.2511
2286,659.1943
2287,964.596
2288,1459.432
2289,1925.214
2290,1864.788
2291,1927.631
2292,1716.494
2293,1251.517
2294,1265.214
2295,979.0982
2296,998.4344
2297,803.4104
2298,1235.354
2299,1345.782
2300,1540.0
2301,1639.098
2302,1443.269
2303,1367.535
2304,1199.098
2305,1007.297
2306,821.9409
2307,649.5262
2308,733.3165
2309,785.6855
2310,1262.797
2311,1305.498
2312,1460.238
2313,2037.203
2314,1913.129
2315,1631.041
2316,1689.1
2317,1143.506
2318,1055.688
2319,754.2641
2320,1111.279
2321,1170.094
2322,1448.958
2323,1679.432
2324,1556.114
2325,1589.952
2326,1390.094
2327,1001.657
2328,749.4301
2329,617.2488
2330,638.2467
2331,665.6397
2332,836.4934
2333,756.6812
2334,1079.052
2335,1613.317
2336,1889.764
2337,2064.646
2338,1731.801
2339,1586.729
2340,1042.797
2341,916.2555
2342,990.3777
2343,929.9519
2344,1370.758
2345,1468.295
2346,1718.105
2347,1892.181
2348,1580.284
2349,1237.821
2350,1081.469
2351,753.4584
2352,531.847
2353,651.9432
2354,631.8013
2355,779.2401
2356,768.7663
2357,1207.155
2358,2008.199
2359,1963.886
2360,1787.393
2361,1710.854
2362,1100.0
2363,1035.546
2364,792.9366
2365,1017.771
2366,1104.834
2367,1395.734
2368,1764.834
2369,1912.323
2370,1829.288
2371,1467.489
2372,1191.041
2373,896.1135
2374,780.0458
2375,800.9933
2376,808.2444
2377,850.9957
2378,791.3253
2379,921.0895
2380,1441.657
2381,1937.299
2382,1917.157
2383,1716.494
2384,1724.55
2385,1061.328
2386,1032.323
2387,802.6047
2388,1011.325
2389,1025.022
2390,1374.786
2391,1622.985
2392,1812.369
2393,1949.384
2394,1523.081
2395,1194.264
2396,979.9039
2397,801.799
2398,593.0785
2399,704.3121
2400,800.1877
2401,770.3776
2402,948.4825
2403,1490.048
2404,2038.008
2405,1908.295
2406,1699.574
2407,1629.43
2408,1042.797
2409,1015.354
2410,834.8821
2411,956.5392
2412,1117.725
2413,1389.288
2414,1702.797
2415,1895.404
2416,1944.55
2417,1481.186
2418,1178.956
2419,948.4825
2420,800.1877
2421,718.0087
2422,765.5436
2423,855.8297
2424,773.6003
2425,971.0414
2426,1544.028
2427,1966.303
2428,1911.517
2429,1659.29
2430,1627.013
2431,1041.186
2432,1043.603
2433,846.9673
2434,982.3209
2435,1044.408
2436,1365.118
2437,1581.089
2438,1790.616
2439,1973.555
2440,1480.38
2441,1171.705
2442,938.8143
2443,773.6003
2444,653.5546
2445,754.2641
2446,824.358
2447,821.1352
2448,1398.956
2449,1937.299
2450,1853.458
2451,1830.094
2452,1677.821
2453,1285.356
2454,1017.771
2455,1009.714
2456,1010.52
2457,804.2161
2458,1282.133
2459,1333.697
2460,1800.284
2461,1772.085
2462,1463.461
2463,1377.203
2464,1184.596
2465,929.9519
2466,856.6353
2467,844.5502
2468,765.5436
2469,778.4344
2470,1162.843
2471,1714.882
2472,1753.554
2473,1750.332
2474,1805.923
2475,1674.598
2476,1239.432
2477,1415.07
2478,971.0414
2479,981.5152
2480,891.2795
2481,1166.065
2482,1386.871
2483,1373.175
2484,1593.175
2485,1475.546
2486,1289.384
2487,1155.592
2488,1075.024
2489,871.9432
2490,701.0894
2491,751.0414
2492,826.8254
2493,1297.441
2494,1558.53
2495,1664.93
2496,1913.129
2497,1786.587
2498,1712.465
2499,1412.653
2500,1382.843
2501,1003.268
2502,759.0981
2503,1106.445
2504,1004.88
2505,1434.406
2506,1519.052
2507,1581.895
2508,1616.539
2509,1470.712
2510,1045.214
2511,810.6615
2512,742.179
2513,647.1092
2514,706.7292
2515,846.9673
2516,1137.061
2517,1177.345
2518,1470.712
2519,2004.976
2520,1942.939
2521,1617.345
2522,1756.777
2523,1099.194
2524,1055.688
2525,902.5589
2526,1040.38
2527,1291.801
2528,1415.07
2529,1766.445
2530,1905.878
2531,1597.203
2532,1160.426
2533,1070.19
2534,772.7947
2535,568.1025
2536,734.9279
2537,743.7903
2538,826.0197
2539,823.5523
2540,1090.332
2541,1833.317
2542,1876.873
2543,1921.991
2544,1730.996
2545,1289.384
2546,1055.688
2547,833.2708
2548,1026.633
2549,952.5109
2550,1407.013
2551,1517.441
2552,1791.421
2553,1834.928
2554,1523.886
2555,1240.238
2556,1033.934
2557,826.8254
2558,629.3843
2559,691.4214
2560,771.1833
2561,826.8254
2562,814.6899
2563,1107.251
2564,1756.777
2565,1838.151
2566,1826.065
2567,1738.247
2568,1247.489
2569,1010.52
2570,838.1049
2571,1037.157
2572,935.5917
2573,1398.151
2574,1481.186
2575,1813.175
2576,1851.847
2577,1527.109
2578,1204.738
2579,1038.769
2580,803.4104
2581,647.9149
2582,726.8712
2583,795.3536
2584,792.1309
2585,806.6331
2586,1103.223
2587,1780.948
2588,1845.402
2589,1894.598
2590,1728.579
2591,1286.967
2592,1034.74
2593,832.465
2594,1008.908
2595,931.5632
2596,1400.568
2597,1495.688
2598,1695.546
2599,1781.753
2600,1515.83
2601,1241.044
2602,1070.19
2603,788.9082
2604,574.548
2605,679.3362
2606,711.5633
2607,793.7422
2608,809.0501
2609,1104.028
2610,1816.397
2611,1869.622
2612,1971.138
2613,1714.882
2614,1398.956
2615,1025.022
2616,838.1049
2617,1000.851
2618,884.834
2619,1369.952
2620,1468.295
2621,1678.627
2622,1676.21
2623,1550.474
2624,1319.194
2625,1060.522
2626,746.2073
2627,591.4672
2628,661.6113
2629,657.5829
2630,751.0414
2631,760.7095
2632,1130.616
2633,1880.096
2634,1914.74
2635,1978.389
2636,1769.668
2637,1322.417
2638,1016.159
2639,805.8274
2640,1002.463
2641,963.7903
2642,1417.487
2643,1562.559
2644,1712.465
2645,1876.873
2646,1477.157
2647,1234.548
2648,1041.991
2649,773.6003
2650,614.0261
2651,753.4584
2652,796.965
2653,736.5392
2654,804.2161
2655,1153.98
2656,1839.762
2657,1866.4
2658,1946.161
2659,1728.579
2660,1285.356
2661,996.8231
2662,839.7162
2663,981.5152
2664,926.7292
2665,1378.814
2666,1483.603
2667,1547.251
2668,1567.393
2669,1552.085
2670,1423.932
2671,987.155
2672,842.1332
2673,681.7533
2674,576.1592
2675,631.8013
2676,737.3449
2677,741.3733
2678,1112.085
2679,1866.4
2680,1909.1
2681,1865.594
2682,1747.109
2683,1243.461
2684,1017.771
2685,825.214
2686,997.6287
2687,979.0982
2688,1393.317
2689,1548.862
2690,1537.583
2691,1631.041
2692,1519.858
2693,1328.862
2694,1050.854
2695,942.037
2696,731.7052
2697,731.7052
2698,735.7336
2699,769.572
2700,796.965
2701,1069.384
2702,1623.79
2703,1876.873
2704,2046.871
2705,1686.683
2706,1564.976
2707,1054.882
2708,946.0654
2709,943.6484
2710,959.762
2711,1292.607
2712,1390.094
2713,1585.118
2714,1531.138
2715,1642.321
2716,1372.369
2717,1067.773
2718,886.4454
2719,714.786
2720,668.8624
2721,732.5109
2722,850.9957
2723,938.0087
2724,1174.928
2725,1479.574
2726,1973.555
2727,1937.299
2728,1610.899
2729,1728.579
2730,1111.279
2731,1024.216
2732,903.3646
2733,1005.686
2734,1289.384
2735,1424.738
2736,1667.347
2737,1470.712
2738,1479.574
2739,1373.175
2740,1091.943
2741,917.0611
2742,742.179
2743,635.8297
2744,675.3079
2745,811.4672
2746,795.3536
2747,1069.384
2748,1611.705
2749,1908.295
2750,2024.312
2751,1639.904
2752,1697.157
2753,1047.631
2754,944.4542
2755,910.6157
2756,970.2357
2757,1250.712
2758,1395.734
2759,1760.0
2760,1630.236
2761,1430.378
2762,1286.162
2763,1171.705
2764,870.3319
2765,804.2161
2766,768.7663
2767,672.0851
2768,813.0785
2769,919.4781
2770,1098.389
2771,1451.376
2772,1977.583
2773,2053.316
2774,1620.568
2775,1774.502
2776,1104.834
2777,994.4061
2778,799.382
2779,1043.603
2780,1209.572
2781,1402.985
2782,1750.332
2783,1593.98
2784,1452.987
2785,1303.886
2786,1126.587
2787,822.7466
2788,756.6812
2789,722.8428
2790,679.3362
2791,859.0524
2792,1090.332
2793,1128.199
2794,1473.129
2795,2006.587
2796,1979.194
2797,1637.487
2798,1780.142
2799,1119.336
2800,984.7379
2801,847.7729
2802,1017.771
2803,1299.052
2804,1425.544
2805,1697.963
2806,1477.963
2807,1486.825
2808,1360.284
2809,1091.943
2810,867.9149
2811,739.762
2812,629.3843
2813,668.8624
2814,854.2184
2815,985.5436
2816,1118.531
2817,1465.878
2818,2000.948
2819,2019.478
2820,1655.262
2821,1745.498
2822,1074.218
2823,997.6287
2824,896.1135
2825,983.1266
2826,1224.88
2827,1390.9
2828,1732.607
2829,1554.502
2830,1427.961
2831,1288.579
2832,1137.061
2833,909.81
2834,850.19
2835,775.2117
2836,738.1506
2837,874.3603
2838,1162.843
2839,1145.118
2840,1417.487
2841,1978.389
2842,1880.902
2843,1634.264
2844,1730.19
2845,1186.207
2846,1031.517
2847,848.5786
2848,1055.688
2849,1185.402
2850,1415.07
2851,1672.181
2852,1608.482
2853,1569.004
2854,1292.607
2855,1089.526
2856,923.5065
2857,801.799
2858,771.1833
2859,776.0175
2860,909.81
2861,1159.62
2862,1186.207
2863,1374.786
2864,1985.64
2865,1857.537
2866,1639.098
2867,1732.607
2868,1206.349
2869,1030.661
2870,873.5546
2871,1017.771
2872,1314.36
2873,1439.24
2874,1619.762
2875,1539.194
2876,1472.323
2877,1311.943
2878,1075.83
2879,932.369
2880,782.4628
2881,698.6725
2882,732.5109
2883,805.0217
2884,919.4781
2885,1124.17
2886,1471.517
2887,1959.858
2888,2001.753
2889,1647.155
2890,1681.044
2891,1095.166
2892,983.9323
2893,885.6397
2894,1029.856
2895,1232.131
2896,1377.203
2897,1742.275
2898,1541.611
2899,1484.408
2900,1399.762
2901,1083.081
2902,898.5305
2903,817.1069
2904,738.9563
2905,713.9803
2906,856.6353
2907,1238.627
2908,1198.292
2909,1444.93
2910,1996.114
2911,1861.565
2912,1633.458
2913,1678.627
2914,1189.43
2915,1008.908
2916,811.4672
2917,1057.299
2918,1142.701
2919,1399.762
2920,1634.264
2921,1540.806
2922,1482.797
2923,1363.507
2924,1183.79
2925,938.0087
2926,825.214
2927,720.4257
2928,667.2511
2929,855.8297
2930,1278.911
2931,1275.688
2932,1537.583
2933,1944.55
2934,1830.094
2935,1660.902
2936,1544.834
2937,1316.777
2938,984.7379
2939,816.3012
2940,1034.74
2941,1030.661
2942,1404.596
2943,1552.891
2944,1655.262
2945,1685.072
2946,1460.238
2947,1175.733
2948,979.0982
2949,838.9105
2950,716.3973
2951,726.0654
2952,792.1309
2953,949.2881
2954,1414.264
2955,1869.622
2956,1855.07
2957,1907.489
2958,1656.068
2959,1246.683
2960,1109.668
2961,1021.799
2962,1005.686
2963,918.6724
2964,1228.102
2965,1368.34
2966,1515.83
2967,1582.701
2968,1427.155
2969,1530.332
2970,1301.469
2971,974.2641
2972,830.8538
2973,693.0327
2974,714.786
2975,812.2728
2976,899.3362
2977,963.7903
2978,1622.985
2979,2048.482
2980,1957.441
2981,1671.376
2982,1477.157
2983,1001.657
2984,959.762
2985,924.3123
2986,946.8711
2987,1242.655
2988,1338.531
2989,1593.175
2990,1629.43
2991,1544.028
2992,1435.212
2993,1233.742
2994,1105.64
2995,928.3406
2996,867.1092
2997,748.6244
2998,797.7706
2999,887.2511
