1283.745
1718.105
1913.129
1826.871
1490.854
1323.223
1590.758
1947.773
2085.594
1969.526
1716.494
1502.939
1395.734
1472.323
1631.041
1660.902
1535.166
1308.721
1157.203
1102.417
1053.271
992.7947
953.3165
983.9323
1061.328
1081.469
1016.965
892.8908
796.965
850.19
1026.633
1238.627
1361.089
1329.668
1228.908
1154.786
1255.546
1439.24
1621.373
1690.712
1656.068
1591.563
1523.081
1502.133
1520.664
1557.725
1593.175
1576.255
1513.413
1421.515
1296.635
1192.653
1127.393
1132.227
1181.373
1186.207
1126.587
1018.576
902.5589
867.1092
912.2271
1026.633
1104.834
1137.867
1111.279
1075.024
1094.36
1162.037
1268.437
1370.758
1443.269
1483.603
1470.712
1454.598
1449.764
1469.906
1526.303
1583.507
1614.928
1577.061
1498.911
1418.292
1358.672
1392.511
1691.518
1750.332
1600.426
1107.251
880.8056
1042.797
1365.924
1574.644
1368.34
1125.782
907.393
894.5021
1077.441
1187.819
1322.417
1216.017
1095.166
1092.749
1130.616
1289.384
1240.238
1203.932
1212.795
1285.356
1422.321
1400.568
1323.223
1162.843
1108.057
1228.102
1314.36
1375.592
1270.048
1112.085
1022.605
987.9606
1110.474
1104.834
1096.777
1032.323
942.037
933.9803
917.0611
918.6724
882.4171
901.7532
924.3123
901.7532
870.3319
805.0217
786.4911
829.2424
952.5109
1039.574
1067.773
1049.242
1046.02
1077.441
1151.563
1276.493
1521.469
1809.952
1942.133
1764.028
1469.1
1386.065
1671.376
1976.777
2079.954
1995.308
1794.644
1585.118
1446.542
1482.797
1585.924
1639.904
1560.948
1397.345
1249.906
1136.255
1054.076
992.7947
934.7859
964.596
1037.157
1075.83
1016.965
896.9192
784.0742
791.3253
939.6201
1149.952
1278.911
1322.417
1264.408
1184.596
1194.264
1314.36
1502.939
1636.681
1692.323
1662.513
1580.284
1515.024
1504.55
1535.166
1586.729
1614.928
1588.341
1490.048
1370.758
1257.963
1161.231
1129.81
1159.62
1190.236
1171.705
1077.441
971.0414
878.3887
867.9149
951.7052
1039.574
1117.725
1133.838
1103.223
1072.607
1079.858
1143.506
1267.631
1371.563
1452.181
1478.769
1476.351
1443.269
1438.434
1477.963
1522.275
1593.175
1660.096
1715.688
1616.539
1506.162
1365.924
1361.895
1436.017
1502.939
1484.408
1344.976
1248.295
1116.114
1092.749
1118.531
1188.624
1221.657
1149.146
1094.36
1045.214
1046.825
1106.445
1136.255
1195.07
1212.795
1228.908
1237.821
1216.823
1244.266
1250.712
1303.081
1353.033
1360.284
1361.895
1310.332
1254.74
1247.489
1271.659
1257.963
1234.548
1187.819
1118.531
1080.664
1053.271
1051.659
1054.076
1038.769
1006.491
954.9279
912.2271
904.976
902.5589
922.7008
922.7008
929.9519
898.5305
882.4171
872.7488
891.2795
942.037
995.2117
1063.745
1087.109
1128.199
1120.142
1163.648
1191.847
1279.716
1522.275
1773.696
1958.247
1706.825
1433.6
1337.725
1639.098
1959.052
2050.094
1938.105
1719.716
1521.469
1413.458
1446.542
1589.952
1625.402
1512.607
1344.17
1175.733
1132.227
1065.356
1004.88
965.4017
964.596
1029.05
1087.915
1054.076
956.5392
828.4366
843.7446
975.8755
1177.345
1332.085
1355.45
1290.996
1199.098
1215.212
1358.672
1522.275
1645.544
1661.708
1606.066
1542.417
1498.105
1510.19
1516.635
1547.251
1559.336
1517.441
1448.153
1349.004
1241.044
1148.341
1107.251
1135.45
1174.928
1159.62
1083.081
953.3165
892.0851
899.3362
983.1266
1077.441
1133.033
1146.729
1116.114
1100.806
1142.701
1209.572
1302.275
1375.592
1440.046
1481.186
1483.603
1471.517
1462.655
1473.129
1516.635
1561.753
1593.175
1573.838
1535.166
1482.797
1461.044
1492.465
1499.716
1449.764
1304.692
1207.961
1229.714
1286.967
1296.635
1188.624
1096.777
1073.413
1091.943
1127.393
1154.786
1152.369
1136.255
1127.393
1154.786
1203.932
1252.323
1237.821
1218.434
1243.461
1295.83
1351.421
1360.284
1315.971
1245.072
1232.131
1267.631
1286.967
1274.882
1224.074
1164.454
1115.308
1104.834
1105.64
1094.36
1062.133
1018.576
988.7663
980.7095
979.9039
949.2881
919.4781
903.3646
897.7249
902.5589
892.8908
882.4171
860.6637
855.024
900.1419
964.596
1016.965
1036.352
1035.546
1081.469
1141.089
1201.515
1251.517
1388.482
1686.683
1892.181
1856.732
1538.389
1367.535
1542.417
1859.954
2055.734
2013.033
1843.79
1611.705
1465.878
1443.269
1548.057
1641.515
1596.397
1419.098
1255.546
1151.563
1088.72
1034.74
967.8187
947.6768
987.9606
1054.076
1065.356
958.9562
834.0765
805.8274
910.6157
1093.555
1245.878
1329.668
1295.83
1211.989
1190.236
1286.162
1469.906
1614.928
1680.238
1654.456
1572.227
1516.635
1506.162
1522.275
1581.089
1593.98
1570.616
1483.603
1384.454
1276.493
1191.041
1140.284
1138.672
1162.843
1170.9
1095.972
1003.268
905.7816
884.834
942.037
1029.05
1112.085
1130.616
1111.279
1077.441
1083.886
1166.065
1266.825
1365.118
1429.572
1460.238
1460.238
1446.542
1454.598
1478.769
