1388.482
1488.437
1643.932
1691.518
1504.55
1206.349
1130.616
1149.952
1168.483
1127.393
1091.943
1116.919
1103.223
1116.114
1060.522
980.7095
970.2357
1085.498
1280.522
1373.98
1316.777
1247.489
1189.43
1253.935
1394.928
1556.919
1631.847
1541.611
1440.851
1401.373
1428.766
1466.683
1495.688
1510.996
1448.958
1375.592
1323.223
1258.769
1207.155
1160.426
1168.483
1199.098
1175.733
1145.118
1049.242
962.9847
993.6003
1061.328
1166.065
1201.515
1191.847
1145.118
1119.336
1170.094
1260.38
1357.867
1414.264
1404.596
1400.568
1398.956
1415.875
1437.629
1455.404
1508.578
1589.952
1622.179
1553.697
1423.127
1337.725
1364.312
1474.74
1533.555
1421.515
1298.247
1174.928
1174.928
1214.406
1253.935
1262.797
1180.568
1147.535
1129.81
1120.142
1158.009
1157.203
1187.013
1214.406
1250.712
1279.716
1233.742
1205.543
1205.543
1266.02
1340.948
1358.672
1328.057
1249.1
1212.795
1222.463
1231.325
1268.437
1242.655
1200.71
1153.98
1117.725
1104.028
1070.19
1057.299
1046.02
1039.574
1051.659
1013.742
979.9039
942.037
934.7859
955.7336
978.2925
1002.463
996.0174
952.5109
943.6484
935.5917
972.6528
994.4061
1031.517
1050.048
1092.749
1089.526
1080.664
1066.967
1103.223
1164.454
1216.823
1270.048
1308.721
1358.672
1604.454
1789.81
1737.441
1412.653
1234.548
1571.421
1938.911
2004.976
1742.275
1514.218
1423.127
1402.985
1515.024
1630.236
1663.319
1461.044
1207.961
1175.733
1210.378
1220.046
1134.644
1059.716
1090.332
1107.251
1162.037
1141.089
1033.129
952.5109
996.8231
1181.373
1354.644
1343.365
1280.522
1216.823
1220.046
1326.445
1480.38
1593.98
1544.834
1448.153
1438.434
1442.463
1481.186
1477.963
1483.603
1458.627
1385.26
1382.037
1338.531
1265.214
1198.292
1149.146
1178.956
1191.847
1178.956
1124.976
1023.41
985.5436
1012.937
1094.36
1185.402
1180.568
1162.037
1123.365
1142.701
1220.046
1285.356
1364.312
1386.065
1394.122
1406.207
1407.819
1428.766
1427.961
1444.93
1477.157
1475.546
1479.574
1457.821
1616.539
1683.461
1588.341
1328.862
1102.417
1245.878
1478.769
1614.122
1411.042
1149.952
1032.323
1058.911
1225.685
1279.716
1279.716
1167.677
1058.911
1109.668
1146.729
1261.991
1232.937
1187.819
1207.155
1243.461
1339.336
1314.36
1266.825
1203.932
1212.795
1306.303
1344.17
1312.749
1206.349
1146.729
1161.231
1173.317
1226.491
1178.956
1101.611
1061.328
1036.352
1050.048
1025.827
1008.103
970.2357
986.3493
1005.686
980.7095
942.8427
926.7292
938.0087
974.2641
1000.046
996.0174
958.9562
906.5873
929.9519
970.2357
1099.194
1156.397
1153.98
1046.825
983.1266
1062.133
1179.762
1315.166
1328.057
1377.203
1534.36
1793.033
1781.753
1500.522
1183.79
1448.153
1863.983
2081.565
1905.878
1594.786
1436.017
1341.753
1436.823
1608.482
1728.579
1597.203
1272.465
1127.393
1138.672
1191.041
1170.094
1091.138
1094.36
1092.749
1105.64
1132.227
1044.408
950.8995
953.3165
1120.948
1339.336
1361.895
1301.469
1242.655
1189.43
1274.076
1431.183
1603.648
1626.207
1500.522
1433.6
1414.264
1459.432
1499.716
1515.024
1507.773
1425.544
1379.62
1338.531
1257.963
1212.795
1160.426
1170.094
1195.875
1180.568
1142.701
1025.022
971.0414
983.9323
1058.911
1170.094
1190.236
1146.729
1114.502
1112.085
1190.236
1272.465
1360.284
1405.402
1378.814
1389.288
1400.568
1434.406
1445.736
1457.015
1500.522
1526.303
1579.478
1622.179
1506.162
1386.065
1278.911
1391.705
1491.659
1502.133
1408.624
1216.017
1151.563
1137.867
1222.463
1280.522
1261.186
1207.155
1102.417
1095.972
1125.782
1172.511
1205.543
1200.71
1246.683
1249.906
1244.266
1250.712
1223.269
1256.352
1299.858
1361.089
1362.701
1299.858
1248.295
1214.406
1235.354
1270.048
1271.659
1234.548
1171.705
1137.867
1111.279
1097.583
1087.915
1058.105
1044.408
1031.517
1025.827
1000.046
957.3449
942.037
956.5392
984.7379
1019.382
1008.908
977.4868
939.6201
942.8427
974.2641
1012.131
1019.382
1025.022
1017.771
1058.105
1100.806
1116.919
1085.498
1073.413
1110.474
1173.317
1262.797
1284.55
1323.223
1476.351
1776.919
1789.81
1566.587
1198.292
1356.255
1750.332
2010.616
1917.157
1614.122
1457.821
1373.98
1423.932
1552.085
1656.068
1582.701
1332.085
1174.928
1183.79
1220.046
1180.568
1079.052
1053.271
1100.806
1147.535
1170.9
1091.943
967.0131
956.5392
1084.692
1289.384
1365.118
1313.555
1253.935
1216.823
1279.716
1403.79
1539.194
1578.672
1495.688
1442.463
1449.764
1469.906
1486.02
1468.295
1461.044
1428.766
1392.511
1373.98
1307.915
1229.714
1165.26
1152.369
1186.207
1188.624
1158.009
1066.161
990.3777
1007.297
1057.299
1135.45
1167.677
1151.563
1133.033
1138.672
1197.487
1259.574
1320.806
1369.952
1372.369
1393.317
1421.515
1437.629
1443.269
1436.017
1505.356
1560.142
1569.004
1524.692
1436.823
