1197.487
1166.871
1180.568
1189.43
1212.795
1216.017
1261.991
1289.384
1305.498
1323.223
1341.753
1367.535
1372.369
1357.061
1357.061
1357.061
1336.113
1298.247
1261.186
1232.131
1199.904
1162.037
1119.336
1067.773
1035.546
1001.657
958.1506
942.8427
915.4498
905.7816
884.834
892.0851
888.0568
913.0327
908.1987
909.81
914.644
941.2314
946.0654
942.037
928.3406
938.8143
942.8427
930.7576
908.1987
910.6157
911.4214
904.1703
900.1419
909.0043
946.0654
974.2641
1015.354
1044.408
1129.81
1237.821
1296.635
1386.871
1451.376
1591.563
1668.153
1758.389
1822.037
1895.404
1976.777
2008.199
2026.729
2042.037
2044.454
2004.976
1953.413
1906.683
1857.537
1771.279
1670.57
1595.592
1519.858
1435.212
1352.227
1257.963
1192.653
1136.255
1086.303
1041.186
991.989
981.5152
969.4301
970.2357
958.1506
953.3165
975.8755
980.7095
985.5436
996.0174
1012.937
1022.605
1016.159
1015.354
1034.74
1046.825
1031.517
1019.382
1034.74
1059.716
1072.607
1078.247
1100.806
1124.976
1171.705
1220.851
1255.546
1306.303
1360.284
1412.653
1467.489
1508.578
1565.782
1604.454
1631.847
1647.155
1672.181
1686.683
1672.181
1640.709
1616.539
1598.009
1560.948
1502.133
1445.736
1383.648
1351.421
1290.19
1257.963
1208.766
1197.487
1182.179
1169.288
1171.705
1174.928
1194.264
1209.572
1231.325
1271.659
1286.162
1305.498
1320.806
1347.393
1369.952
1369.146
1356.255
1356.255
1356.255
1340.948
1313.555
1277.299
1237.821
1211.989
1171.705
1129.81
1087.915
1046.825
1003.268
973.4584
950.0938
929.1462
905.7816
889.6681
878.3887
885.6397
897.7249
909.81
903.3646
910.6157
928.3406
938.0087
938.0087
926.7292
938.0087
934.7859
930.7576
915.4498
906.5873
908.1987
904.1703
898.5305
902.5589
926.7292
958.1506
987.9606
1030.661
1075.83
1188.624
1262.797
1353.033
1425.544
1529.526
1662.513
1735.83
1800.284
1872.039
1948.579
2013.033
2024.312
2044.454
2063.841
2050.094
2005.781
1959.052
1914.74
1855.07
1761.611
1662.513
1579.478
1509.384
1416.681
1328.057
1237.821
1178.956
1126.587
1069.384
1026.633
976.6812
977.4868
954.9279
959.762
950.8995
951.7052
973.4584
979.9039
977.4868
997.6287
1010.52
1014.548
999.2401
1004.88
1033.934
1032.323
1018.576
1012.131
1030.661
1058.105
1066.161
1070.19
1102.417
1138.672
1177.345
1224.88
1261.991
1326.445
1374.786
1428.766
1482.797
1542.417
1586.729
1620.568
1647.961
1670.57
1699.574
1692.323
1657.679
1631.041
1605.26
1576.255
1509.384
1458.627
1392.511
1366.729
1315.971
1269.242
1228.908
1196.681
1187.819
1172.511
1166.871
1172.511
1174.122
1198.292
1203.932
1242.655
1278.911
1292.607
1319.194
1335.308
1369.146
1370.758
1360.284
1356.255
1356.255
1351.421
1315.166
1282.939
1254.74
1224.074
1184.596
1134.644
1098.389
1058.911
1029.05
983.9323
956.5392
931.5632
917.8668
898.5305
881.6113
886.4454
894.5021
903.3646
904.1703
904.1703
923.5065
941.2314
932.369
929.9519
924.3123
931.5632
925.1179
915.4498
901.7532
898.5305
900.1419
885.6397
882.4171
899.3362
934.7859
971.0414
1016.159
1055.688
1132.227
1241.849
1306.303
1411.042
1477.963
1614.122
1717.299
1783.365
1861.565
1934.882
2009.004
2042.037
2051.705
2069.48
2075.12
2034.786
1984.028
1938.105
1887.347
1799.478
1701.186
1609.288
1541.611
1446.542
1364.312
1264.408
1206.349
1148.341
1082.275
1039.574
998.4344
966.2073
968.6244
949.2881
946.8711
938.8143
959.762
967.0131
971.0414
984.7379
996.8231
1010.52
1004.074
1000.046
1016.159
1030.661
1016.965
1004.88
1015.354
1047.631
1055.688
1062.939
1082.275
1118.531
1162.843
1206.349
1247.489
1297.441
1367.535
1411.847
1463.461
1515.83
1572.227
1619.762
1636.681
1669.764
1693.129
1705.214
1697.157
1665.736
1637.487
1614.928
1573.838
1523.886
1455.404
1413.458
1363.507
1325.64
1261.991
1232.937
1190.236
1178.956
1164.454
1153.98
1166.871
1165.26
1183.79
1202.321
1227.297
1266.825
1287.773
1308.721
1328.862
1351.421
1377.203
1361.089
1365.924
1363.507
1362.701
1347.393
1299.052
1278.105
1245.878
1203.932
1165.26
1126.587
1090.332
1050.048
1018.576
977.4868
958.1506
928.3406
916.2555
889.6681
885.6397
896.9192
894.5021
900.1419
898.5305
921.8951
929.9519
934.7859
929.9519
925.9235
921.8951
932.369
911.4214
900.1419
891.2795
883.2227
886.4454
886.4454
884.0284
904.1703
942.8427
968.6244
1035.546
1063.745
1168.483
1265.214
1336.919
1440.851
1509.384
1661.708
1743.886
1813.98
1889.764
1957.441
2031.563
2049.288
2066.258
2075.926
2072.703
2022.701
1972.749
1922.797
1870.428
1780.142
1677.821
1586.729
1526.303
1426.349
1342.559
1245.878
1187.819
1138.672
1076.635
1041.186
983.1266
975.0698
964.596
954.9279
958.1506
951.7052
975.0698
969.4301
971.0414
982.3209
997.6287
1000.046
995.2117
990.3777
1016.159
1018.576
1004.88
