1129.81
1210.378
1284.55
1363.507
1314.36
1265.214
1291.801
1397.345
1493.271
1494.882
1469.1
1366.729
1368.34
1527.915
1708.437
1681.044
1415.07
1308.721
1525.498
1784.17
1751.943
1451.376
1359.478
1435.212
1582.701
1675.404
1580.284
1417.487
1263.603
1373.175
1512.607
1537.583
1369.146
1162.843
1215.212
1334.502
1294.218
1234.548
1157.203
1105.64
1036.352
1091.138
1127.393
1108.057
1013.742
896.1135
916.2555
994.4061
1026.633
960.5676
885.6397
850.9957
833.2708
904.1703
958.9562
880.0
780.8514
740.5676
819.5239
889.6681
881.6113
804.2161
755.8755
793.7422
842.9389
894.5021
930.7576
1046.02
1072.607
888.8624
802.6047
1059.716
1481.186
1455.404
1068.579
897.7249
1257.157
1722.939
1760.0
1498.911
1311.138
1355.45
1647.155
1920.38
1942.133
1711.659
1446.542
1577.061
1893.792
2056.539
1862.371
1618.956
1628.624
1731.801
1780.948
1793.838
1758.389
1652.039
1455.404
1448.153
1593.98
1671.376
1545.64
1287.773
1239.432
1288.579
1353.033
1373.98
1278.105
1099.194
975.0698
1027.439
1195.875
1206.349
1050.854
878.3887
853.4126
1000.851
1089.526
1063.745
919.4781
862.2751
905.7816
976.6812
1059.716
1070.19
987.9606
948.4825
975.8755
1135.45
1159.62
1151.563
1120.142
1129.004
1175.733
1252.323
1336.919
1344.976
1272.465
1257.157
1327.251
1452.987
1505.356
1470.712
1458.627
1444.93
1373.98
1568.199
1621.373
1747.915
1459.432
1390.094
1399.762
1734.218
1804.312
1553.697
1367.535
1429.572
1498.911
1711.659
1601.231
1480.38
1246.683
1344.17
1475.546
1520.664
1458.627
1169.288
1137.061
1299.858
1316.777
1274.882
1133.033
1099.194
1036.352
1069.384
1113.697
1078.247
1049.242
892.8908
886.4454
956.5392
1017.771
969.4301
888.0568
818.7183
853.4126
834.8821
943.6484
900.1419
826.0197
751.0414
765.5436
842.1332
892.8908
871.9432
756.6812
728.4824
831.6594
901.7532
932.369
1029.856
1050.048
930.7576
804.2161
958.9562
1328.057
1548.057
1220.046
872.7488
1063.745
1629.43
1790.616
1594.786
1350.616
1333.697
1569.81
1843.79
1963.886
1843.79
1554.502
1490.048
1784.976
2058.151
1988.863
1689.1
1604.454
1687.489
1793.838
1788.199
1787.393
1712.465
1553.697
1418.292
1516.635
1666.542
1635.07
1402.985
1241.849
1245.072
1326.445
1371.563
1315.971
1187.819
1026.633
976.6812
1134.644
1218.434
1123.365
939.6201
842.1332
931.5632
1067.773
1091.138
973.4584
880.0
876.7772
1005.686
1064.55
1046.825
974.2641
942.037
1023.41
1141.895
1181.373
1159.62
1118.531
1136.255
1173.317
1259.574
1338.531
1349.81
1286.162
1257.157
1314.36
1435.212
1498.105
1512.607
1439.24
1434.406
1374.786
1599.62
1666.542
1718.91
1436.017
1361.895
1476.351
1773.696
1790.616
1519.858
1334.502
1436.017
1543.223
1721.327
1605.26
1408.624
1246.683
1328.057
1521.469
1506.967
1407.819
1147.535
1134.644
1294.218
1328.057
1234.548
1133.838
1052.465
1041.186
1048.437
1129.81
1072.607
1021.799
893.6965
880.0
959.762
1027.439
969.4301
885.6397
808.2444
838.1049
875.166
942.8427
913.0327
789.7139
749.4301
771.1833
859.0524
904.1703
855.024
764.7379
726.0654
833.2708
909.0043
945.2598
1054.882
1055.688
852.6069
797.7706
1019.382
1453.793
1502.939
1110.474
855.024
1177.345
1711.659
1776.114
1520.664
1323.223
1346.587
1622.985
1901.044
1954.218
1774.502
1474.74
1536.777
1842.985
2093.651
1908.295
1650.428
1617.345
1713.271
1779.336
1789.81
1767.251
1702.797
1509.384
1415.875
1550.474
1681.044
1606.066
1360.284
1238.627
1249.1
1324.028
1381.231
1323.223
1158.814
1003.268
962.9847
1158.009
1231.325
1112.085
921.0895
839.7162
945.2598
1080.664
1105.64
972.6528
877.5829
888.8624
953.3165
1046.02
1095.972
1027.439
962.9847
949.2881
1075.024
1162.843
1186.207
1153.175
1121.753
1148.341
1195.07
1286.162
1370.758
1326.445
1287.773
1272.465
1338.531
1461.044
1489.242
1522.275
1411.042
1428.766
1342.559
1588.341
1682.655
1713.271
1443.269
1332.085
1457.821
1787.393
1781.753
1527.915
1309.526
1419.904
1544.028
1718.91
1618.956
1382.843
1249.906
1308.721
1541.611
1503.745
1398.956
1134.644
1151.563
1285.356
1336.919
1233.742
1158.814
1050.854
1053.271
1057.299
1135.45
1093.555
1029.05
913.0327
888.8624
964.596
1033.129
981.5152
900.1419
812.2728
832.465
888.0568
952.5109
936.3974
784.8798
742.9847
779.2401
880.0
917.8668
828.4366
748.6244
759.9039
846.9673
914.644
921.8951
1059.716
1048.437
867.9149
809.0501
1018.576
1477.963
1477.157
1072.607
860.6637
1225.685
1718.91
1751.137
1494.076
1336.113
1343.365
1631.847
1897.015
1960.664
1751.943
1460.238
1540.806
1867.205
2075.926
1876.068
1628.624
1626.207
1715.688
1769.668
1787.393
1780.142
1699.574
1470.712
1410.236
1555.308
1682.655
1586.729
1332.891
1231.325
1261.186
1323.223
1383.648
1310.332
