1347.393
1228.102
1135.45
1089.526
993.6003
922.7008
871.9432
852.6069
844.5502
874.3603
923.5065
955.7336
1047.631
1137.867
1206.349
1293.413
1362.701
1447.347
1488.437
1525.498
1555.308
1569.004
1581.089
1589.146
1587.535
1579.478
1590.758
1599.62
1569.004
1551.28
1543.223
1516.635
1465.072
1399.762
1351.421
1282.939
1220.046
1143.506
1070.19
1012.131
977.4868
954.1222
936.3974
947.6768
967.0131
992.7947
1022.605
1078.247
1114.502
1135.45
1167.677
1202.321
1180.568
1204.738
1193.458
1163.648
1142.701
1145.118
1110.474
1095.972
1063.745
1054.882
1044.408
1054.076
1030.661
1027.439
1023.41
1033.934
1029.856
1015.354
1028.245
1029.05
1051.659
1061.328
1077.441
1096.777
1116.114
1170.094
1205.543
1298.247
1419.098
1481.186
1529.526
1618.151
1789.81
1847.013
1874.456
1863.177
1873.651
1892.181
1844.596
1768.862
1595.592
1494.076
1418.292
1330.474
1170.094
1026.633
996.8231
932.369
884.834
884.834
901.7532
899.3362
909.0043
1007.297
1057.299
1099.194
1163.648
1171.705
1221.657
1273.271
1368.34
1336.919
1310.332
1358.672
1423.127
1461.044
1443.269
1461.849
1477.963
1534.36
1589.146
1596.397
1579.478
1556.919
1573.033
1534.36
1465.878
1397.345
1286.967
1175.733
1102.417
1062.133
968.6244
896.9192
839.7162
835.6878
862.2751
890.4738
918.6724
954.1222
1057.299
1170.094
1242.655
1287.773
1348.199
1444.125
1491.659
1531.943
1556.919
1551.28
1564.976
1579.478
1585.118
1573.838
1582.701
1578.672
1560.142
1543.223
1547.251
1523.081
1474.74
1420.709
1382.037
1328.862
1251.517
1169.288
1098.389
1046.825
1002.463
967.0131
929.1462
931.5632
953.3165
979.9039
997.6287
1035.546
1095.166
1114.502
1147.535
1171.705
1184.596
1187.013
1187.013
1173.317
1142.701
1139.478
1116.919
1087.915
1058.911
1054.076
1063.745
1035.546
1012.131
1026.633
1030.661
1020.993
1014.548
1006.491
1004.88
1017.771
1042.797
1020.993
1046.825
1080.664
1120.948
1136.255
1187.819
1291.801
1399.762
1473.129
1527.915
1627.013
1776.919
1868.817
1893.792
1874.456
1881.707
1907.489
1884.125
1763.223
1619.762
1519.858
1430.378
1323.223
1194.264
1050.854
1003.268
938.8143
890.4738
872.7488
901.7532
890.4738
902.5589
968.6244
1033.129
1098.389
1137.867
1151.563
1199.098
1276.493
1327.251
1330.474
1312.749
1342.559
1406.207
1470.712
1447.347
1461.044
1505.356
1561.753
1583.507
1603.648
1592.369
1577.061
1589.146
1478.769
1443.269
1374.786
1271.659
1162.843
1092.749
1036.352
950.8995
873.5546
816.3012
834.8821
863.8865
885.6397
909.81
951.7052
1066.967
1170.9
1248.295
1290.996
1369.952
1456.21
1500.522
1533.555
1560.948
1566.587
1573.838
1578.672
1580.284
1582.701
1597.203
1569.81
1556.919
1561.753
1568.199
1519.052
1461.849
1407.013
1363.507
1317.583
1223.269
1128.199
1054.882
1027.439
988.7663
950.0938
912.2271
921.0895
967.0131
996.0174
1018.576
1066.161
1113.697
1137.061
1167.677
1189.43
1193.458
1196.681
1180.568
1156.397
1146.729
1129.81
1102.417
1058.105
1047.631
1031.517
1040.38
1030.661
993.6003
988.7663
1018.576
1029.856
1025.827
1014.548
1012.937
1030.661
1076.635
1058.911
1070.996
1066.967
1106.445
1147.535
1207.961
1306.303
1390.094
1454.598
1523.886
1657.679
1810.758
1864.788
1863.177
1880.902
1919.574
1934.882
1892.987
1756.777
1596.397
1525.498
1453.793
1340.948
1151.563
1026.633
983.9323
910.6157
889.6681
860.6637
860.6637
856.6353
911.4214
996.8231
1039.574
1096.777
1137.061
1170.094
1228.102
1313.555
1357.061
1313.555
1318.389
1378.009
1443.269
1457.015
1440.851
1448.153
1486.825
1563.365
1597.203
1589.146
1562.559
1572.227
1588.341
1543.223
1480.38
1419.904
1324.834
1238.627
1154.786
1096.777
999.2401
906.5873
845.3559
831.6594
848.5786
862.2751
878.3887
897.7249
990.3777
1114.502
1204.738
1249.1
1307.109
1414.264
1494.076
1530.332
1549.668
1560.948
1558.53
1576.255
1591.563
1579.478
1552.085
1564.976
1545.64
1552.085
1563.365
1548.862
1490.048
1453.793
1427.961
1398.956
1323.223
1222.463
1137.867
1097.583
1058.911
1005.686
938.8143
917.8668
923.5065
960.5676
988.7663
995.2117
1035.546
1081.469
1134.644
1167.677
1192.653
1188.624
1185.402
1187.013
1177.345
1155.592
1130.616
1081.469
1062.133
1058.105
1046.02
1024.216
982.3209
968.6244
1000.046
1027.439
1005.686
991.1833
996.0174
1035.546
1049.242
1052.465
1050.854
1057.299
1095.972
1121.753
1156.397
1191.041
1285.356
1387.677
1452.987
1531.943
1627.819
1780.142
1852.653
1875.262
1892.987
1917.157
1926.825
1892.987
1802.701
1652.845
1561.753
1467.489
1345.782
1182.179
1054.076
998.4344
929.1462
858.2468
850.9957
860.6637
860.6637
887.2511
962.9847
1018.576
1067.773
1131.421
1155.592
1212.795
1285.356
1357.867
1325.64
1332.085
1382.037
1432.795
1448.153
1440.851
1466.683
1485.214
